# Region type : patch outlet
# Faces         : 20
# Area          : 4.36243709e-07
# Scale factor  : 1.00000000e+00
# Weight field  : phi
# Time          	weightedAverage(p)	weightedAverage(U)	weightedAverage(T)
10100           	1.01325000e+05	(1.06097438e+00 4.03134401e-07 1.24413158e-12)	3.99982895e+02
10200           	1.01325000e+05	(1.06097167e+00 8.10330581e-07 1.24552652e-12)	3.99982926e+02
10300           	1.01325000e+05	(1.06097428e+00 1.51476217e-06 1.22899692e-12)	3.99982926e+02
10400           	1.01325000e+05	(1.06097950e+00 1.43122597e-06 1.23051717e-12)	3.99982926e+02
10500           	1.01325000e+05	(1.06098291e+00 4.35794335e-07 1.25156513e-12)	3.99982941e+02
10600           	1.01325000e+05	(1.06098117e+00 -4.00783472e-07 1.24934751e-12)	3.99982971e+02
10700           	1.01325000e+05	(1.06097816e+00 -6.03103626e-07 1.24886695e-12)	3.99982971e+02
10800           	1.01325000e+05	(1.06097585e+00 -2.24838282e-07 1.24936843e-12)	3.99982971e+02
10900           	1.01325000e+05	(1.06097670e+00 2.91832061e-07 1.25022858e-12)	3.99982971e+02
11000           	1.01325000e+05	(1.06097806e+00 -2.29408357e-08 1.24601252e-12)	3.99982971e+02
11100           	1.01325000e+05	(1.06097689e+00 -1.36915407e-07 1.25266813e-12)	3.99982971e+02
11200           	1.01325000e+05	(1.06097683e+00 9.05292491e-08 1.24236874e-12)	3.99982971e+02
11300           	1.01325000e+05	(1.06097739e+00 -3.83482662e-08 1.23630882e-12)	3.99982971e+02
11400           	1.01325000e+05	(1.06097710e+00 5.02583543e-08 1.24479795e-12)	3.99982971e+02
11500           	1.01325000e+05	(1.06097732e+00 2.80923285e-09 1.26030568e-12)	3.99982971e+02
11600           	1.01325000e+05	(1.06097741e+00 -1.54198929e-10 1.21786469e-12)	3.99982971e+02
11700           	1.01325000e+05	(1.06097725e+00 -2.05313185e-08 1.26183068e-12)	3.99982971e+02
11800           	1.01325000e+05	(1.06097725e+00 -1.12261395e-08 1.23836406e-12)	3.99982971e+02
11900           	1.01325000e+05	(1.06097715e+00 -1.34895507e-08 1.23132299e-12)	3.99982971e+02
12000           	1.01325000e+05	(1.06097731e+00 2.77796864e-08 1.22779279e-12)	3.99982971e+02
12100           	1.01325000e+05	(1.06097734e+00 -4.03681301e-08 1.24525910e-12)	3.99982971e+02
12200           	1.01325000e+05	(1.06097709e+00 2.98377535e-08 1.24562780e-12)	3.99982971e+02
12300           	1.01325000e+05	(1.06097744e+00 1.79717371e-08 1.25552725e-12)	3.99982971e+02
12400           	1.01325000e+05	(1.06097734e+00 -5.22857165e-08 1.24251191e-12)	3.99982971e+02
12500           	1.01325000e+05	(1.06097700e+00 2.14916442e-08 1.24805310e-12)	3.99982971e+02
12600           	1.01325000e+05	(1.06097749e+00 7.66364884e-08 1.22667752e-12)	3.99982971e+02
12700           	1.01325000e+05	(1.06097758e+00 -7.20522473e-09 1.23023440e-12)	3.99982971e+02
12800           	1.01325000e+05	(1.06097749e+00 -2.80701113e-08 1.25209808e-12)	3.99982971e+02
12900           	1.01325000e+05	(1.06097728e+00 -2.20603370e-08 1.25062521e-12)	3.99982971e+02
13000           	1.01325000e+05	(1.06097743e+00 -3.46050867e-08 1.27244973e-12)	3.99982971e+02
13100           	1.01325000e+05	(1.06097709e+00 -2.60255099e-08 1.24659949e-12)	3.99982971e+02
13200           	1.01325000e+05	(1.06097732e+00 6.00869107e-08 1.23341322e-12)	3.99982971e+02
13300           	1.01325000e+05	(1.06097769e+00 -2.93461548e-08 1.25479372e-12)	3.99982971e+02
13400           	1.01325000e+05	(1.06097727e+00 -1.29179068e-07 1.25251739e-12)	3.99982971e+02
13500           	1.01325000e+05	(1.06097690e+00 -4.18816946e-08 1.24252444e-12)	3.99982971e+02
13600           	1.01325000e+05	(1.06097712e+00 -2.65259101e-08 1.26022077e-12)	3.99982971e+02
13700           	1.01325000e+05	(1.06097703e+00 -3.14797964e-08 1.25187062e-12)	3.99982971e+02
13800           	1.01325000e+05	(1.06097692e+00 -2.42093383e-09 1.25793102e-12)	3.99982971e+02
13900           	1.01325000e+05	(1.06097689e+00 4.84745945e-08 1.24868565e-12)	3.99982971e+02
14000           	1.01325000e+05	(1.06097718e+00 8.29065273e-08 1.24359501e-12)	3.99982971e+02
14100           	1.01325000e+05	(1.06097745e+00 2.17083625e-08 1.24571691e-12)	3.99982971e+02
14200           	1.01325000e+05	(1.06097733e+00 8.75734315e-09 1.25517672e-12)	3.99982971e+02
14300           	1.01325000e+05	(1.06097751e+00 -3.12311521e-09 1.25778128e-12)	3.99982971e+02
14400           	1.01325000e+05	(1.06097728e+00 -8.10519350e-08 1.22696249e-12)	3.99982971e+02
14500           	1.01325000e+05	(1.06097700e+00 -3.03055190e-08 1.25866231e-12)	3.99982971e+02
14600           	1.01325000e+05	(1.06097704e+00 -1.61925117e-08 1.24185358e-12)	3.99982971e+02
14700           	1.01325000e+05	(1.06097703e+00 4.09498730e-08 1.24521607e-12)	3.99982971e+02
14800           	1.01325000e+05	(1.06097745e+00 5.92660235e-08 1.24621271e-12)	3.99982971e+02
14900           	1.01325000e+05	(1.06097745e+00 -4.45579929e-08 1.24976649e-12)	3.99982971e+02
15000           	1.01325000e+05	(1.06097699e+00 1.36342421e-08 1.23088063e-12)	3.99982971e+02
15100           	1.01325000e+05	(1.06097734e+00 8.69252605e-08 1.26606019e-12)	3.99982971e+02
15200           	1.01325000e+05	(1.06097766e+00 3.12378753e-08 1.23911949e-12)	3.99982971e+02
15300           	1.01325000e+05	(1.06097773e+00 6.58618578e-09 1.26487526e-12)	3.99982971e+02
15400           	1.01325000e+05	(1.06097787e+00 -3.52775807e-08 1.24253425e-12)	3.99982971e+02
15500           	1.01325000e+05	(1.06097777e+00 -1.26423559e-07 1.24642295e-12)	3.99982971e+02
15600           	1.01325000e+05	(1.06097713e+00 -1.44142612e-07 1.25218611e-12)	3.99982971e+02
15700           	1.01325000e+05	(1.06097676e+00 1.74770033e-08 1.25379049e-12)	3.99982971e+02
15800           	1.01325000e+05	(1.06097736e+00 1.08060582e-07 1.22152979e-12)	3.99982971e+02
15900           	1.01325000e+05	(1.06097778e+00 -1.19449227e-08 1.24913411e-12)	3.99982971e+02
16000           	1.01325000e+05	(1.06097735e+00 -1.04126071e-07 1.24485772e-12)	3.99982971e+02
16100           	1.01325000e+05	(1.06097672e+00 -4.59888532e-08 1.23563260e-12)	3.99982971e+02
16200           	1.01325000e+05	(1.06097657e+00 9.53598247e-08 1.24509459e-12)	3.99982971e+02
16300           	1.01325000e+05	(1.06097703e+00 1.87394319e-07 1.24291021e-12)	3.99982971e+02
16400           	1.01325000e+05	(1.06097771e+00 1.30610717e-07 1.25345341e-12)	3.99982971e+02
16500           	1.01325000e+05	(1.06097769e+00 -2.04504737e-08 1.24622429e-12)	3.99982971e+02
16600           	1.01325000e+05	(1.06097707e+00 -1.25891231e-08 1.25607492e-12)	3.99982971e+02
16700           	1.01325000e+05	(1.06097692e+00 1.07589149e-07 1.24974666e-12)	3.99982971e+02
16800           	1.01325000e+05	(1.06097733e+00 1.73213309e-07 1.23491724e-12)	3.99982971e+02
16900           	1.01325000e+05	(1.06097789e+00 1.15015999e-07 1.22455215e-12)	3.99982971e+02
17000           	1.01325000e+05	(1.06097804e+00 -4.08927918e-08 1.26257809e-12)	3.99982971e+02
17100           	1.01325000e+05	(1.06097748e+00 -1.50155232e-07 1.24451906e-12)	3.99982971e+02
17200           	1.01325000e+05	(1.06097680e+00 -1.14557815e-07 1.25145762e-12)	3.99982971e+02
17300           	1.01325000e+05	(1.06097646e+00 3.30813172e-09 1.24988544e-12)	3.99982971e+02
17400           	1.01325000e+05	(1.06097678e+00 1.24290591e-07 1.25086958e-12)	3.99982971e+02
17500           	1.01325000e+05	(1.06097729e+00 5.39136117e-08 1.24825225e-12)	3.99982971e+02
17600           	1.01325000e+05	(1.06097687e+00 2.73015542e-09 1.26162898e-12)	3.99982971e+02
17700           	1.01325000e+05	(1.06097673e+00 1.82784465e-07 1.23104900e-12)	3.99982971e+02
17800           	1.01325000e+05	(1.06097779e+00 2.31420038e-07 1.25138822e-12)	3.99982971e+02
17900           	1.01325000e+05	(1.06097850e+00 5.32213399e-10 1.24765157e-12)	3.99982971e+02
18000           	1.01325000e+05	(1.06097809e+00 -2.12670631e-07 1.24817339e-12)	3.99982971e+02
18100           	1.01325000e+05	(1.06097711e+00 -2.78891440e-07 1.23815214e-12)	3.99982971e+02
18200           	1.01325000e+05	(1.06097618e+00 -8.80874120e-08 1.22761980e-12)	3.99982971e+02
18300           	1.01325000e+05	(1.06097671e+00 1.58854176e-07 1.25900814e-12)	3.99982971e+02
18400           	1.01325000e+05	(1.06097768e+00 3.06314289e-08 1.24597982e-12)	3.99982971e+02
18500           	1.01325000e+05	(1.06097703e+00 -7.91126290e-08 1.25056400e-12)	3.99982971e+02
18600           	1.01325000e+05	(1.06097669e+00 1.21950190e-07 1.24853186e-12)	3.99982971e+02
18700           	1.01325000e+05	(1.06097755e+00 1.21112464e-07 1.25437308e-12)	3.99982971e+02
18800           	1.01325000e+05	(1.06097745e+00 -1.14296435e-07 1.24760912e-12)	3.99982971e+02
18900           	1.01325000e+05	(1.06097623e+00 -1.43641319e-07 1.26020062e-12)	3.99982971e+02
19000           	1.01325000e+05	(1.06097558e+00 4.37506603e-08 1.25651495e-12)	3.99982971e+02
19100           	1.01325000e+05	(1.06097607e+00 1.69004937e-07 1.24892989e-12)	3.99982971e+02
19200           	1.01325000e+05	(1.06097663e+00 5.00973461e-08 1.24141507e-12)	3.99982971e+02
19300           	1.01325000e+05	(1.06097637e+00 -2.10332655e-08 1.24017115e-12)	3.99982971e+02
19400           	1.01325000e+05	(1.06097640e+00 2.07898204e-08 1.24412802e-12)	3.99982971e+02
19500           	1.01325000e+05	(1.06097684e+00 -6.97944355e-08 1.24873182e-12)	3.99982971e+02
19600           	1.01325000e+05	(1.06097655e+00 -2.79610511e-07 1.25009590e-12)	3.99982971e+02
19700           	1.01325000e+05	(1.06097504e+00 -3.16238231e-07 1.25367463e-12)	3.99982971e+02
19800           	1.01325000e+05	(1.06097380e+00 7.22650642e-08 1.26493445e-12)	3.99982971e+02
19900           	1.01325000e+05	(1.06097535e+00 4.42083512e-07 1.23245112e-12)	3.99982971e+02
20000           	1.01325000e+05	(1.06097730e+00 2.19798555e-08 1.24577547e-12)	3.99982971e+02
20100           	1.01325000e+05	(1.06097518e+00 -3.12380826e-07 1.24773412e-12)	3.99982971e+02
20200           	1.01325000e+05	(1.06097276e+00 4.56408907e-07 1.23747125e-12)	3.99982971e+02
20300           	1.01325000e+05	(1.06097643e+00 1.52864540e-06 1.26769808e-12)	3.99982971e+02
20400           	1.01325000e+05	(1.06098508e+00 8.34881915e-07 1.23813729e-12)	3.99982971e+02
20500           	1.01325000e+05	(1.06098524e+00 -1.86684315e-06 1.25596161e-12)	3.99982971e+02
20600           	1.01325000e+05	(1.06096980e+00 -2.04598216e-06 1.23073676e-12)	3.99982971e+02
20700           	1.01325000e+05	(1.06096554e+00 2.03765914e-06 1.25025896e-12)	3.99982971e+02
20800           	1.01325000e+05	(1.06098722e+00 2.34340621e-06 1.24228182e-12)	3.99982971e+02
20900           	1.01325000e+05	(1.06098723e+00 -3.30518147e-06 1.23836478e-12)	3.99982971e+02
21000           	1.01325000e+05	(1.06096015e+00 -4.99328825e-07 1.26333864e-12)	3.99982971e+02
21100           	1.01325000e+05	(1.06098200e+00 3.68011196e-06 1.26364028e-12)	3.99982971e+02
21200           	1.01325000e+05	(1.06098733e+00 -3.26041090e-06 1.24843559e-12)	3.99982971e+02
21300           	1.01325000e+05	(1.06096486e+00 9.02103460e-07 1.24640169e-12)	3.99982971e+02
21400           	1.01325000e+05	(1.06098385e+00 3.46575979e-07 1.24456152e-12)	3.99982971e+02
21500           	1.01325000e+05	(1.06097496e+00 -3.05160888e-07 1.24778095e-12)	3.99982971e+02
21600           	1.01325000e+05	(1.06097802e+00 2.47592458e-07 1.25320496e-12)	3.99982971e+02
21700           	1.01325000e+05	(1.06097762e+00 -7.93750624e-08 1.25050212e-12)	3.99982971e+02
21800           	1.01325000e+05	(1.06097733e+00 -9.02843114e-08 1.24300130e-12)	3.99982971e+02
21900           	1.01325000e+05	(1.06097686e+00 -4.40158813e-08 1.26989464e-12)	3.99982971e+02
22000           	1.01325000e+05	(1.06097693e+00 2.56719107e-08 1.25018276e-12)	3.99982971e+02
22100           	1.01325000e+05	(1.06097705e+00 5.49950668e-08 1.25355061e-12)	3.99982971e+02
22200           	1.01325000e+05	(1.06097732e+00 7.05086030e-08 1.24867280e-12)	3.99982971e+02
22300           	1.01325000e+05	(1.06097763e+00 -1.63187241e-08 1.26110368e-12)	3.99982971e+02
22400           	1.01325000e+05	(1.06097727e+00 -1.08414756e-07 1.23901235e-12)	3.99982971e+02
22500           	1.01325000e+05	(1.06097678e+00 -5.19814069e-08 1.24256801e-12)	3.99982971e+02
22600           	1.01325000e+05	(1.06097676e+00 4.65085184e-08 1.25001045e-12)	3.99982971e+02
22700           	1.01325000e+05	(1.06097717e+00 1.01219132e-07 1.23459776e-12)	3.99982971e+02
22800           	1.01325000e+05	(1.06097764e+00 4.55249058e-08 1.23522449e-12)	3.99982971e+02
22900           	1.01325000e+05	(1.06097770e+00 -8.26161672e-08 1.23772384e-12)	3.99982971e+02
23000           	1.01325000e+05	(1.06097706e+00 -1.43387934e-07 1.26292567e-12)	3.99982971e+02
23100           	1.01325000e+05	(1.06097641e+00 3.58978318e-09 1.25781515e-12)	3.99982971e+02
23200           	1.01325000e+05	(1.06097689e+00 2.11522594e-07 1.24786927e-12)	3.99982971e+02
23300           	1.01325000e+05	(1.06097814e+00 1.42097586e-07 1.24925908e-12)	3.99982971e+02
23400           	1.01325000e+05	(1.06097831e+00 -1.51521294e-07 1.24154426e-12)	3.99982971e+02
23500           	1.01325000e+05	(1.06097713e+00 -2.64549786e-07 1.25007000e-12)	3.99982971e+02
23600           	1.01325000e+05	(1.06097604e+00 -5.65444077e-08 1.24870716e-12)	3.99982971e+02
23700           	1.01325000e+05	(1.06097642e+00 2.39266424e-07 1.25051736e-12)	3.99982971e+02
23800           	1.01325000e+05	(1.06097789e+00 2.36463548e-07 1.25248231e-12)	3.99982971e+02
23900           	1.01325000e+05	(1.06097856e+00 -6.12068133e-08 1.22940157e-12)	3.99982971e+02
24000           	1.01325000e+05	(1.06097759e+00 -3.07243755e-07 1.22909400e-12)	3.99982971e+02
24100           	1.01325000e+05	(1.06097593e+00 -1.64676164e-07 1.26018594e-12)	3.99982971e+02
24200           	1.01325000e+05	(1.06097583e+00 2.39466244e-07 1.24172045e-12)	3.99982971e+02
24300           	1.01325000e+05	(1.06097756e+00 3.70363801e-07 1.25346001e-12)	3.99982971e+02
24400           	1.01325000e+05	(1.06097898e+00 5.44582701e-08 1.23384530e-12)	3.99982971e+02
24500           	1.01325000e+05	(1.06097823e+00 -3.50486980e-07 1.23908979e-12)	3.99982971e+02
24600           	1.01325000e+05	(1.06097609e+00 -3.03589864e-07 1.25584401e-12)	3.99982971e+02
24700           	1.01325000e+05	(1.06097530e+00 1.91173408e-07 1.21693465e-12)	3.99982971e+02
24800           	1.01325000e+05	(1.06097720e+00 4.89500716e-07 1.25284802e-12)	3.99982971e+02
24900           	1.01325000e+05	(1.06097949e+00 1.62657239e-07 1.23344181e-12)	3.99982971e+02
25000           	1.01325000e+05	(1.06097900e+00 -4.40013081e-07 1.25604572e-12)	3.99982971e+02
25100           	1.01325000e+05	(1.06097610e+00 -4.87528990e-07 1.25945563e-12)	3.99982971e+02
25200           	1.01325000e+05	(1.06097462e+00 9.65182935e-08 1.26486159e-12)	3.99982971e+02
25300           	1.01325000e+05	(1.06097645e+00 5.59476706e-07 1.22986050e-12)	3.99982971e+02
25400           	1.01325000e+05	(1.06097931e+00 3.02105948e-07 1.26348761e-12)	3.99982971e+02
25500           	1.01325000e+05	(1.06097934e+00 -3.65758908e-07 1.26172790e-12)	3.99982971e+02
25600           	1.01325000e+05	(1.06097647e+00 -5.24649502e-07 1.24774937e-12)	3.99982971e+02
25700           	1.01325000e+05	(1.06097442e+00 4.02064317e-08 1.25096642e-12)	3.99982971e+02
25800           	1.01325000e+05	(1.06097598e+00 6.28102783e-07 1.25277824e-12)	3.99982971e+02
25900           	1.01325000e+05	(1.06097939e+00 4.82346252e-07 1.24743553e-12)	3.99982971e+02
26000           	1.01325000e+05	(1.06098041e+00 -2.68822992e-07 1.26946769e-12)	3.99982971e+02
26100           	1.01325000e+05	(1.06097773e+00 -7.02825760e-07 1.24213433e-12)	3.99982971e+02
26200           	1.01325000e+05	(1.06097464e+00 -2.75598675e-07 1.23676415e-12)	3.99982971e+02
26300           	1.01325000e+05	(1.06097534e+00 4.37782375e-07 1.25766335e-12)	3.99982971e+02
26400           	1.01325000e+05	(1.06097849e+00 3.41642009e-07 1.26020656e-12)	3.99982971e+02
26500           	1.01325000e+05	(1.06097885e+00 -3.02497935e-07 1.23505976e-12)	3.99982971e+02
26600           	1.01325000e+05	(1.06097604e+00 -4.15258911e-07 1.26329891e-12)	3.99982971e+02
26700           	1.01325000e+05	(1.06097471e+00 2.44275517e-07 1.24851035e-12)	3.99982971e+02
26800           	1.01325000e+05	(1.06097749e+00 6.35641356e-07 1.24580457e-12)	3.99982971e+02
26900           	1.01325000e+05	(1.06097984e+00 2.67937747e-08 1.26419540e-12)	3.99982971e+02
27000           	1.01325000e+05	(1.06097816e+00 -4.62477424e-07 1.25758399e-12)	3.99982971e+02
27100           	1.01325000e+05	(1.06097614e+00 -2.23167948e-07 1.24552515e-12)	3.99982971e+02
27200           	1.01325000e+05	(1.06097667e+00 4.80665275e-08 1.24377011e-12)	3.99982971e+02
27300           	1.01325000e+05	(1.06097736e+00 -1.92683680e-07 1.26516623e-12)	3.99982971e+02
27400           	1.01325000e+05	(1.06097585e+00 -2.22742815e-07 1.25854914e-12)	3.99982971e+02
27500           	1.01325000e+05	(1.06097554e+00 1.91426965e-07 1.23981472e-12)	3.99982971e+02
27600           	1.01325000e+05	(1.06097696e+00 3.38575009e-07 1.23736414e-12)	3.99982971e+02
27700           	1.01325000e+05	(1.06097851e+00 2.21567569e-07 1.24492294e-12)	3.99982971e+02
27800           	1.01325000e+05	(1.06097896e+00 -2.14062612e-07 1.24866058e-12)	3.99982971e+02
27900           	1.01325000e+05	(1.06097686e+00 -3.55932709e-07 1.24260482e-12)	3.99982971e+02
28000           	1.01325000e+05	(1.06097575e+00 1.05145887e-07 1.23061685e-12)	3.99982971e+02
28100           	1.01325000e+05	(1.06097722e+00 4.76768862e-07 1.24056187e-12)	3.99982971e+02
28200           	1.01325000e+05	(1.06098016e+00 2.41773237e-07 1.23672734e-12)	3.99982971e+02
28300           	1.01325000e+05	(1.06098045e+00 -6.67853263e-07 1.24955764e-12)	3.99982971e+02
28400           	1.01325000e+05	(1.06097618e+00 -9.97795655e-07 1.26200444e-12)	3.99982971e+02
28500           	1.01325000e+05	(1.06097234e+00 -3.62174306e-07 1.24398842e-12)	3.99982971e+02
28600           	1.01325000e+05	(1.06097195e+00 8.19302966e-07 1.24173190e-12)	3.99982971e+02
28700           	1.01325000e+05	(1.06097780e+00 1.45513838e-06 1.27125728e-12)	3.99982971e+02
28800           	1.01325000e+05	(1.06098323e+00 2.44732612e-07 1.23702370e-12)	3.99982971e+02
28900           	1.01325000e+05	(1.06098022e+00 -9.63901991e-07 1.25689932e-12)	3.99982971e+02
29000           	1.01325000e+05	(1.06097423e+00 -8.39016782e-07 1.25163669e-12)	3.99982971e+02
29100           	1.01325000e+05	(1.06097122e+00 5.38258357e-07 1.23366464e-12)	3.99982971e+02
29200           	1.01325000e+05	(1.06097716e+00 1.68506247e-06 1.24173614e-12)	3.99982971e+02
29300           	1.01325000e+05	(1.06098497e+00 5.83364905e-07 1.25479643e-12)	3.99982971e+02
29400           	1.01325000e+05	(1.06098435e+00 -1.32515041e-06 1.23645160e-12)	3.99982971e+02
29500           	1.01325000e+05	(1.06097532e+00 -2.05664269e-06 1.23651846e-12)	3.99982971e+02
29600           	1.01325000e+05	(1.06096646e+00 -1.70289808e-07 1.27195652e-12)	3.99982971e+02
29700           	1.01325000e+05	(1.06097218e+00 1.52338183e-06 1.24005813e-12)	3.99982971e+02
29800           	1.01325000e+05	(1.06097736e+00 7.98917064e-07 1.24542383e-12)	3.99982971e+02
29900           	1.01325000e+05	(1.06097883e+00 2.94815278e-07 1.23225432e-12)	3.99982971e+02
30000           	1.01325000e+05	(1.06097675e+00 -2.16268885e-07 1.23039729e-12)	3.99982971e+02
30100           	1.01325000e+05	(1.06097631e+00 4.48835621e-07 1.23092380e-12)	3.99982971e+02
30200           	1.01325000e+05	(1.06097855e+00 -1.65777314e-08 1.25616377e-12)	3.99982971e+02
30300           	1.01325000e+05	(1.06097636e+00 -4.46420091e-08 1.25476836e-12)	3.99982971e+02
30400           	1.01325000e+05	(1.06097697e+00 2.96256943e-07 1.25164967e-12)	3.99982971e+02
30500           	1.01325000e+05	(1.06097843e+00 2.37189308e-07 1.24488876e-12)	3.99982971e+02
30600           	1.01325000e+05	(1.06097934e+00 -2.78671845e-07 1.23462891e-12)	3.99982971e+02
30700           	1.01325000e+05	(1.06097618e+00 -5.11791422e-07 1.26880163e-12)	3.99982971e+02
30800           	1.01325000e+05	(1.06097538e+00 2.74574580e-07 1.24316209e-12)	3.99982971e+02
30900           	1.01325000e+05	(1.06097791e+00 1.59480423e-07 1.26675026e-12)	3.99982971e+02
31000           	1.01325000e+05	(1.06097719e+00 -5.72001707e-08 1.24087067e-12)	3.99982971e+02
31100           	1.01325000e+05	(1.06097726e+00 1.42123979e-07 1.25104937e-12)	3.99982971e+02
31200           	1.01325000e+05	(1.06097812e+00 5.36856728e-10 1.26254761e-12)	3.99982971e+02
31300           	1.01325000e+05	(1.06097752e+00 -2.13118325e-07 1.24900077e-12)	3.99982971e+02
31400           	1.01325000e+05	(1.06097628e+00 -8.53603570e-08 1.25804144e-12)	3.99982971e+02
31500           	1.01325000e+05	(1.06097647e+00 2.15366682e-07 1.24207146e-12)	3.99982971e+02
31600           	1.01325000e+05	(1.06097788e+00 2.26179062e-07 1.23762358e-12)	3.99982971e+02
31700           	1.01325000e+05	(1.06097855e+00 -7.22304961e-08 1.23586519e-12)	3.99982971e+02
31800           	1.01325000e+05	(1.06097744e+00 -3.11261105e-07 1.25501221e-12)	3.99982971e+02
31900           	1.01325000e+05	(1.06097581e+00 -1.01060341e-07 1.22224604e-12)	3.99982971e+02
32000           	1.01325000e+05	(1.06097618e+00 2.87648333e-07 1.26178638e-12)	3.99982971e+02
32100           	1.01325000e+05	(1.06097807e+00 2.96662562e-07 1.23353000e-12)	3.99982971e+02
32200           	1.01325000e+05	(1.06097893e+00 -1.26638594e-07 1.24691812e-12)	3.99982971e+02
32300           	1.01325000e+05	(1.06097729e+00 -4.17950020e-07 1.25070941e-12)	3.99982971e+02
32400           	1.01325000e+05	(1.06097528e+00 -1.16925549e-07 1.23181322e-12)	3.99982971e+02
32500           	1.01325000e+05	(1.06097585e+00 3.83176737e-07 1.25706076e-12)	3.99982971e+02
32600           	1.01325000e+05	(1.06097829e+00 3.92372797e-07 1.25015806e-12)	3.99982971e+02
32700           	1.01325000e+05	(1.06097954e+00 -1.38481161e-07 1.24105931e-12)	3.99982971e+02
32800           	1.01325000e+05	(1.06097758e+00 -5.63163371e-07 1.26373917e-12)	3.99982971e+02
32900           	1.01325000e+05	(1.06097486e+00 -2.26317400e-07 1.22962332e-12)	3.99982971e+02
33000           	1.01325000e+05	(1.06097515e+00 4.23102069e-07 1.24443155e-12)	3.99982971e+02
33100           	1.01325000e+05	(1.06097818e+00 5.46193383e-07 1.25628684e-12)	3.99982971e+02
33200           	1.01325000e+05	(1.06098019e+00 -5.89592210e-08 1.23703536e-12)	3.99982971e+02
33300           	1.01325000e+05	(1.06097829e+00 -6.65586630e-07 1.22933775e-12)	3.99982971e+02
33400           	1.01325000e+05	(1.06097482e+00 -3.96469371e-07 1.24498729e-12)	3.99982971e+02
33500           	1.01325000e+05	(1.06097444e+00 3.83910732e-07 1.23710210e-12)	3.99982971e+02
33600           	1.01325000e+05	(1.06097772e+00 7.36187245e-07 1.24639107e-12)	3.99982971e+02
33700           	1.01325000e+05	(1.06098093e+00 1.00787710e-07 1.23539594e-12)	3.99982971e+02
33800           	1.01325000e+05	(1.06097945e+00 -7.78050747e-07 1.23854784e-12)	3.99982971e+02
33900           	1.01325000e+05	(1.06097489e+00 -6.44476633e-07 1.22639357e-12)	3.99982971e+02
34000           	1.01325000e+05	(1.06097337e+00 3.19216825e-07 1.24838815e-12)	3.99982971e+02
34100           	1.01325000e+05	(1.06097682e+00 9.54254144e-07 1.22398330e-12)	3.99982971e+02
34200           	1.01325000e+05	(1.06098144e+00 3.31968880e-07 1.25241667e-12)	3.99982971e+02
34300           	1.01325000e+05	(1.06098054e+00 -7.70219311e-07 1.23816608e-12)	3.99982971e+02
34400           	1.01325000e+05	(1.06097544e+00 -8.37437094e-07 1.22300455e-12)	3.99982971e+02
34500           	1.01325000e+05	(1.06097277e+00 1.23510434e-07 1.24883033e-12)	3.99982971e+02
34600           	1.01325000e+05	(1.06097563e+00 9.71403512e-07 1.25116013e-12)	3.99982971e+02
34700           	1.01325000e+05	(1.06098075e+00 5.28973200e-07 1.24058367e-12)	3.99982971e+02
34800           	1.01325000e+05	(1.06098061e+00 -5.87665610e-07 1.23161890e-12)	3.99982971e+02
34900           	1.01325000e+05	(1.06097623e+00 -7.77681070e-07 1.24266235e-12)	3.99982971e+02
35000           	1.01325000e+05	(1.06097362e+00 -1.90359533e-08 1.24195405e-12)	3.99982971e+02
35100           	1.01325000e+05	(1.06097558e+00 7.16959221e-07 1.25161510e-12)	3.99982971e+02
35200           	1.01325000e+05	(1.06097961e+00 4.28295484e-07 1.24607306e-12)	3.99982971e+02
35300           	1.01325000e+05	(1.06097962e+00 -3.61169850e-07 1.22709281e-12)	3.99982971e+02
35400           	1.01325000e+05	(1.06097683e+00 -4.90130983e-07 1.24857447e-12)	3.99982971e+02
35500           	1.01325000e+05	(1.06097501e+00 -3.68990234e-08 1.26334633e-12)	3.99982971e+02
35600           	1.01325000e+05	(1.06097622e+00 4.97439085e-07 1.26998793e-12)	3.99982971e+02
35700           	1.01325000e+05	(1.06097904e+00 3.10938290e-07 1.23062747e-12)	3.99982971e+02
35800           	1.01325000e+05	(1.06097927e+00 -1.92690593e-07 1.24228293e-12)	3.99982971e+02
35900           	1.01325000e+05	(1.06097766e+00 -4.26930811e-07 1.26579657e-12)	3.99982971e+02
36000           	1.01325000e+05	(1.06097558e+00 -2.15418512e-07 1.27209404e-12)	3.99982971e+02
36100           	1.01325000e+05	(1.06097558e+00 3.34620603e-07 1.26129428e-12)	3.99982971e+02
36200           	1.01325000e+05	(1.06097804e+00 4.35351006e-07 1.24502939e-12)	3.99982971e+02
36300           	1.01325000e+05	(1.06097949e+00 -2.94396149e-08 1.25388952e-12)	3.99982971e+02
36400           	1.01325000e+05	(1.06097815e+00 -5.09883704e-07 1.24298540e-12)	3.99982971e+02
36500           	1.01325000e+05	(1.06097510e+00 -3.53969678e-07 1.24073833e-12)	3.99982971e+02
36600           	1.01325000e+05	(1.06097460e+00 4.33390223e-07 1.22640632e-12)	3.99982971e+02
36700           	1.01325000e+05	(1.06097812e+00 7.50374948e-07 1.22871809e-12)	3.99982971e+02
36800           	1.01325000e+05	(1.06098132e+00 4.85516285e-08 1.24912386e-12)	3.99982971e+02
36900           	1.01325000e+05	(1.06097952e+00 -9.24894670e-07 1.23844699e-12)	3.99982971e+02
37000           	1.01325000e+05	(1.06097414e+00 -7.70962861e-07 1.23402729e-12)	3.99982971e+02
37100           	1.01325000e+05	(1.06097249e+00 4.41259090e-07 1.24382092e-12)	3.99982971e+02
37200           	1.01325000e+05	(1.06097697e+00 1.12326643e-06 1.25412955e-12)	3.99982971e+02
37300           	1.01325000e+05	(1.06098232e+00 4.24875405e-07 1.24397816e-12)	3.99982971e+02
37400           	1.01325000e+05	(1.06098184e+00 -1.03501321e-06 1.26236008e-12)	3.99982971e+02
37500           	1.01325000e+05	(1.06097465e+00 -1.24091764e-06 1.24537936e-12)	3.99982971e+02
37600           	1.01325000e+05	(1.06097104e+00 1.92744831e-07 1.25022703e-12)	3.99982971e+02
37700           	1.01325000e+05	(1.06097529e+00 1.24483121e-06 1.25594006e-12)	3.99982971e+02
37800           	1.01325000e+05	(1.06098197e+00 7.33105163e-07 1.23891305e-12)	3.99982971e+02
37900           	1.01325000e+05	(1.06098251e+00 -8.91418177e-07 1.23370071e-12)	3.99982971e+02
38000           	1.01325000e+05	(1.06097548e+00 -1.19822087e-06 1.25989949e-12)	3.99982971e+02
38100           	1.01325000e+05	(1.06097203e+00 -4.77868335e-08 1.23312104e-12)	3.99982971e+02
38200           	1.01325000e+05	(1.06097417e+00 9.02382314e-07 1.21173371e-12)	3.99982971e+02
38300           	1.01325000e+05	(1.06097945e+00 8.33719875e-07 1.25307993e-12)	3.99982971e+02
38400           	1.01325000e+05	(1.06098080e+00 -1.92729566e-07 1.24283229e-12)	3.99982971e+02
38500           	1.01325000e+05	(1.06097828e+00 -3.45337026e-07 1.25169423e-12)	3.99982971e+02
38600           	1.01325000e+05	(1.06097759e+00 -3.84687814e-07 1.24781346e-12)	3.99982971e+02
38700           	1.01325000e+05	(1.06097563e+00 -2.73076768e-07 1.24560396e-12)	3.99982971e+02
38800           	1.01325000e+05	(1.06097573e+00 2.14840409e-07 1.23697766e-12)	3.99982971e+02
38900           	1.01325000e+05	(1.06097735e+00 2.27475571e-07 1.24116847e-12)	3.99982971e+02
39000           	1.01325000e+05	(1.06097795e+00 5.15937320e-08 1.23648662e-12)	3.99982971e+02
39100           	1.01325000e+05	(1.06097756e+00 -1.06544493e-07 1.25961777e-12)	3.99982971e+02
39200           	1.01325000e+05	(1.06097691e+00 1.10521994e-08 1.23320394e-12)	3.99982971e+02
39300           	1.01325000e+05	(1.06097751e+00 1.06595957e-07 1.22037043e-12)	3.99982971e+02
39400           	1.01325000e+05	(1.06097790e+00 -6.34411826e-08 1.24580957e-12)	3.99982971e+02
39500           	1.01325000e+05	(1.06097724e+00 -1.44945043e-07 1.22870929e-12)	3.99982971e+02
39600           	1.01325000e+05	(1.06097666e+00 -5.35695092e-08 1.25274773e-12)	3.99982971e+02
39700           	1.01325000e+05	(1.06097663e+00 1.12058238e-07 1.26019498e-12)	3.99982971e+02
39800           	1.01325000e+05	(1.06097748e+00 1.75014394e-07 1.24762920e-12)	3.99982971e+02
39900           	1.01325000e+05	(1.06097810e+00 1.37550197e-08 1.24030656e-12)	3.99982971e+02
40000           	1.01325000e+05	(1.06097777e+00 -1.55006835e-07 1.24978029e-12)	3.99982971e+02
40100           	1.01325000e+05	(1.06097686e+00 -1.94034538e-07 1.24019883e-12)	3.99982971e+02
40200           	1.01325000e+05	(1.06097610e+00 2.63195571e-08 1.26008094e-12)	3.99982971e+02
40300           	1.01325000e+05	(1.06097693e+00 2.61356428e-07 1.24801339e-12)	3.99982971e+02
40400           	1.01325000e+05	(1.06097833e+00 1.31059492e-07 1.28658559e-12)	3.99982971e+02
40500           	1.01325000e+05	(1.06097847e+00 -2.14605745e-07 1.23098327e-12)	3.99982971e+02
40600           	1.01325000e+05	(1.06097687e+00 -3.77829915e-07 1.25837000e-12)	3.99982971e+02
40700           	1.01325000e+05	(1.06097529e+00 -2.07602446e-08 1.23825600e-12)	3.99982971e+02
40800           	1.01325000e+05	(1.06097638e+00 4.26235195e-07 1.24320561e-12)	3.99982971e+02
40900           	1.01325000e+05	(1.06097882e+00 2.89627418e-07 1.24684641e-12)	3.99982971e+02
41000           	1.01325000e+05	(1.06097936e+00 -2.75606273e-07 1.21937807e-12)	3.99982971e+02
41100           	1.01325000e+05	(1.06097682e+00 -5.60627603e-07 1.24078033e-12)	3.99982971e+02
41200           	1.01325000e+05	(1.06097438e+00 -4.36947875e-08 1.23589643e-12)	3.99982971e+02
41300           	1.01325000e+05	(1.06097577e+00 6.41746285e-07 1.25315749e-12)	3.99982971e+02
41400           	1.01325000e+05	(1.06097949e+00 5.08223827e-07 1.25760728e-12)	3.99982971e+02
41500           	1.01325000e+05	(1.06098070e+00 -3.38378585e-07 1.26220312e-12)	3.99982971e+02
41600           	1.01325000e+05	(1.06097715e+00 -8.66888623e-07 1.24574332e-12)	3.99982971e+02
41700           	1.01325000e+05	(1.06097322e+00 -1.82207867e-07 1.25162203e-12)	3.99982971e+02
41800           	1.01325000e+05	(1.06097457e+00 8.45283143e-07 1.25669833e-12)	3.99982971e+02
41900           	1.01325000e+05	(1.06097986e+00 7.85312076e-07 1.24924588e-12)	3.99982971e+02
42000           	1.01325000e+05	(1.06098219e+00 -3.86119868e-07 1.25392743e-12)	3.99982971e+02
42100           	1.01325000e+05	(1.06097761e+00 -1.21751459e-06 1.24972271e-12)	3.99982971e+02
42200           	1.01325000e+05	(1.06097198e+00 -3.88177545e-07 1.24507073e-12)	3.99982971e+02
42300           	1.01325000e+05	(1.06097301e+00 1.00863861e-06 1.24814341e-12)	3.99982971e+02
42400           	1.01325000e+05	(1.06097992e+00 1.16009643e-06 1.24476278e-12)	3.99982971e+02
42500           	1.01325000e+05	(1.06098372e+00 -2.88676829e-07 1.25922748e-12)	3.99982971e+02
42600           	1.01325000e+05	(1.06097866e+00 -1.41650457e-06 1.25556777e-12)	3.99982971e+02
42700           	1.01325000e+05	(1.06097203e+00 -5.49509837e-07 1.24797235e-12)	3.99982971e+02
42800           	1.01325000e+05	(1.06097303e+00 9.44334553e-07 1.24836525e-12)	3.99982971e+02
42900           	1.01325000e+05	(1.06097968e+00 1.00900895e-06 1.25097904e-12)	3.99982971e+02
43000           	1.01325000e+05	(1.06098204e+00 -3.42043800e-07 1.26556102e-12)	3.99982971e+02
43100           	1.01325000e+05	(1.06097695e+00 -8.38413052e-07 1.24392965e-12)	3.99982971e+02
43200           	1.01325000e+05	(1.06097417e+00 1.37012105e-07 1.27607959e-12)	3.99982971e+02
43300           	1.01325000e+05	(1.06097740e+00 6.31540557e-07 1.25000926e-12)	3.99982971e+02
43400           	1.01325000e+05	(1.06098012e+00 -4.32409256e-08 1.24505809e-12)	3.99982971e+02
43500           	1.01325000e+05	(1.06097739e+00 -7.04375328e-07 1.24301070e-12)	3.99982971e+02
43600           	1.01325000e+05	(1.06097342e+00 -3.37537701e-08 1.25787560e-12)	3.99982971e+02
43700           	1.01325000e+05	(1.06097574e+00 9.60462619e-07 1.24652492e-12)	3.99982971e+02
43800           	1.01325000e+05	(1.06098098e+00 5.76820692e-07 1.25503618e-12)	3.99982971e+02
43900           	1.01325000e+05	(1.06098158e+00 -6.49401353e-07 1.26249143e-12)	3.99982971e+02
44000           	1.01325000e+05	(1.06097603e+00 -1.05775582e-06 1.22683215e-12)	3.99982971e+02
44100           	1.01325000e+05	(1.06097202e+00 1.71008441e-07 1.26171863e-12)	3.99982971e+02
44200           	1.01325000e+05	(1.06097625e+00 1.14520086e-06 1.25030705e-12)	3.99982971e+02
44300           	1.01325000e+05	(1.06098188e+00 4.89135581e-07 1.24321031e-12)	3.99982971e+02
44400           	1.01325000e+05	(1.06098165e+00 -7.81657778e-07 1.25824575e-12)	3.99982971e+02
44500           	1.01325000e+05	(1.06097585e+00 -1.10202283e-06 1.25791653e-12)	3.99982971e+02
44600           	1.01325000e+05	(1.06097214e+00 2.04737760e-08 1.24344676e-12)	3.99982971e+02
44700           	1.01325000e+05	(1.06097533e+00 7.89232001e-07 1.24427713e-12)	3.99982971e+02
44800           	1.01325000e+05	(1.06097855e+00 3.89248190e-07 1.25138626e-12)	3.99982971e+02
44900           	1.01325000e+05	(1.06097815e+00 -8.82115138e-08 1.24455559e-12)	3.99982971e+02
45000           	1.01325000e+05	(1.06097677e+00 2.91160882e-08 1.26151049e-12)	3.99982971e+02
45100           	1.01325000e+05	(1.06097783e+00 2.06242473e-07 1.24783041e-12)	3.99982971e+02
45200           	1.01325000e+05	(1.06097880e+00 -2.50015107e-07 1.24446790e-12)	3.99982971e+02
45300           	1.01325000e+05	(1.06097641e+00 -5.34920330e-07 1.25563755e-12)	3.99982971e+02
45400           	1.01325000e+05	(1.06097412e+00 -1.91665281e-09 1.24862678e-12)	3.99982971e+02
45500           	1.01325000e+05	(1.06097535e+00 6.50611613e-07 1.25874047e-12)	3.99982971e+02
45600           	1.01325000e+05	(1.06097915e+00 6.76213146e-07 1.25666695e-12)	3.99982971e+02
45700           	1.01325000e+05	(1.06098125e+00 -1.43204565e-07 1.24184043e-12)	3.99982971e+02
45800           	1.01325000e+05	(1.06097883e+00 -7.90402175e-07 1.24536457e-12)	3.99982971e+02
45900           	1.01325000e+05	(1.06097517e+00 -5.93615247e-07 1.24482691e-12)	3.99982971e+02
46000           	1.01325000e+05	(1.06097374e+00 1.56749396e-07 1.24723909e-12)	3.99982971e+02
46100           	1.01325000e+05	(1.06097599e+00 7.61945057e-07 1.23655905e-12)	3.99982971e+02
46200           	1.01325000e+05	(1.06097969e+00 5.58226397e-07 1.25106679e-12)	3.99982971e+02
46300           	1.01325000e+05	(1.06098091e+00 -1.96158062e-07 1.25968626e-12)	3.99982971e+02
46400           	1.01325000e+05	(1.06097839e+00 -7.77973844e-07 1.24930828e-12)	3.99982971e+02
46500           	1.01325000e+05	(1.06097478e+00 -4.94464227e-07 1.23975285e-12)	3.99982971e+02
46600           	1.01325000e+05	(1.06097413e+00 1.77445611e-07 1.25634195e-12)	3.99982971e+02
46700           	1.01325000e+05	(1.06097570e+00 5.11574610e-07 1.25435372e-12)	3.99982971e+02
46800           	1.01325000e+05	(1.06097788e+00 4.79756336e-07 1.24395695e-12)	3.99982971e+02
46900           	1.01325000e+05	(1.06097919e+00 7.36816008e-08 1.24968860e-12)	3.99982971e+02
47000           	1.01325000e+05	(1.06097842e+00 -3.27727294e-07 1.24539256e-12)	3.99982971e+02
47100           	1.01325000e+05	(1.06097644e+00 -3.98471754e-07 1.24860544e-12)	3.99982971e+02
47200           	1.01325000e+05	(1.06097498e+00 4.56144846e-09 1.24561468e-12)	3.99982971e+02
47300           	1.01325000e+05	(1.06097619e+00 4.51620802e-07 1.25489215e-12)	3.99982971e+02
47400           	1.01325000e+05	(1.06097863e+00 3.81690633e-07 1.24572188e-12)	3.99982971e+02
47500           	1.01325000e+05	(1.06097968e+00 -1.40593645e-07 1.24464490e-12)	3.99982971e+02
47600           	1.01325000e+05	(1.06097794e+00 -4.77283778e-07 1.24486891e-12)	3.99982971e+02
47700           	1.01325000e+05	(1.06097597e+00 -2.21804175e-07 1.24524247e-12)	3.99982971e+02
47800           	1.01325000e+05	(1.06097621e+00 1.23538819e-07 1.26719622e-12)	3.99982971e+02
47900           	1.01325000e+05	(1.06097717e+00 1.77543270e-07 1.26079153e-12)	3.99982971e+02
48000           	1.01325000e+05	(1.06097787e+00 7.32819689e-08 1.25922946e-12)	3.99982971e+02
48100           	1.01325000e+05	(1.06097772e+00 -7.72001124e-08 1.24338383e-12)	3.99982971e+02
48200           	1.01325000e+05	(1.06097731e+00 -6.13478939e-08 1.22351102e-12)	3.99982971e+02
48300           	1.01325000e+05	(1.06097713e+00 -6.85372630e-08 1.26689008e-12)	3.99982971e+02
48400           	1.01325000e+05	(1.06097666e+00 7.00618748e-09 1.23975176e-12)	3.99982971e+02
48500           	1.01325000e+05	(1.06097697e+00 1.41258922e-07 1.23130683e-12)	3.99982971e+02
48600           	1.01325000e+05	(1.06097758e+00 1.41653306e-07 1.24317464e-12)	3.99982971e+02
48700           	1.01325000e+05	(1.06097822e+00 4.52382082e-08 1.24619922e-12)	3.99982971e+02
48800           	1.01325000e+05	(1.06097818e+00 -2.40201219e-07 1.23806797e-12)	3.99982971e+02
48900           	1.01325000e+05	(1.06097651e+00 -3.19368363e-07 1.24763687e-12)	3.99982971e+02
49000           	1.01325000e+05	(1.06097532e+00 5.58826731e-08 1.22613527e-12)	3.99982971e+02
49100           	1.01325000e+05	(1.06097649e+00 4.52379779e-07 1.24587308e-12)	3.99982971e+02
49200           	1.01325000e+05	(1.06097907e+00 3.50114314e-07 1.25880545e-12)	3.99982971e+02
49300           	1.01325000e+05	(1.06097972e+00 -3.24422346e-07 1.25048910e-12)	3.99982971e+02
49400           	1.01325000e+05	(1.06097676e+00 -6.22505934e-07 1.23904566e-12)	3.99982971e+02
49500           	1.01325000e+05	(1.06097421e+00 -3.97892748e-08 1.24890808e-12)	3.99982971e+02
49600           	1.01325000e+05	(1.06097553e+00 6.98735089e-07 1.25057738e-12)	3.99982971e+02
49700           	1.01325000e+05	(1.06097998e+00 6.24047321e-07 1.23526743e-12)	3.99982971e+02
49800           	1.01325000e+05	(1.06098169e+00 -4.60949298e-07 1.23234480e-12)	3.99982971e+02
49900           	1.01325000e+05	(1.06097728e+00 -1.17305547e-06 1.24030227e-12)	3.99982971e+02
50000           	1.01325000e+05	(1.06097180e+00 -3.90564334e-07 1.25563914e-12)	3.99982971e+02
50100           	1.01325000e+05	(1.06097258e+00 1.07331231e-06 1.25578842e-12)	3.99982971e+02
50200           	1.01325000e+05	(1.06097957e+00 1.41845349e-06 1.26013675e-12)	3.99982971e+02
50300           	1.01325000e+05	(1.06098484e+00 -4.12797746e-08 1.23047436e-12)	3.99982971e+02
50400           	1.01325000e+05	(1.06098034e+00 -1.52393792e-06 1.24755873e-12)	3.99982971e+02
50500           	1.01325000e+05	(1.06097190e+00 -8.47411208e-07 1.24030146e-12)	3.99982971e+02
50600           	1.01325000e+05	(1.06097114e+00 8.88992545e-07 1.23408046e-12)	3.99982971e+02
50700           	1.01325000e+05	(1.06097772e+00 1.62633999e-06 1.24652219e-12)	3.99982971e+02
50800           	1.01325000e+05	(1.06098487e+00 4.74598951e-07 1.24187554e-12)	3.99982971e+02
50900           	1.01325000e+05	(1.06098191e+00 -1.43027610e-06 1.23955168e-12)	3.99982971e+02
51000           	1.01325000e+05	(1.06097390e+00 -7.62448412e-07 1.22836589e-12)	3.99982971e+02
51100           	1.01325000e+05	(1.06097457e+00 8.90495006e-08 1.26213813e-12)	3.99982971e+02
51200           	1.01325000e+05	(1.06097552e+00 2.86893036e-07 1.24332185e-12)	3.99982971e+02
51300           	1.01325000e+05	(1.06097724e+00 1.90543976e-07 1.23222353e-12)	3.99982971e+02
51400           	1.01325000e+05	(1.06097617e+00 1.37685751e-07 1.25376498e-12)	3.99982971e+02
51500           	1.01325000e+05	(1.06097841e+00 5.26576963e-07 1.24737828e-12)	3.99982971e+02
51600           	1.01325000e+05	(1.06098015e+00 -4.44014621e-07 1.23811527e-12)	3.99982971e+02
51700           	1.01325000e+05	(1.06097613e+00 -6.47247116e-07 1.24133744e-12)	3.99982971e+02
51800           	1.01325000e+05	(1.06097427e+00 -1.50656800e-07 1.23731951e-12)	3.99982971e+02
51900           	1.01325000e+05	(1.06097402e+00 6.40644220e-07 1.23998734e-12)	3.99982971e+02
52000           	1.01325000e+05	(1.06097956e+00 1.07628672e-06 1.23363257e-12)	3.99982971e+02
52100           	1.01325000e+05	(1.06098355e+00 -4.28877585e-07 1.22862484e-12)	3.99982971e+02
52200           	1.01325000e+05	(1.06097809e+00 -1.37459582e-06 1.24303573e-12)	3.99982971e+02
52300           	1.01325000e+05	(1.06097211e+00 -6.49177746e-07 1.25819151e-12)	3.99982971e+02
52400           	1.01325000e+05	(1.06097226e+00 9.52781708e-07 1.24332331e-12)	3.99982971e+02
52500           	1.01325000e+05	(1.06098061e+00 1.20376453e-06 1.23240445e-12)	3.99982971e+02
52600           	1.01325000e+05	(1.06098417e+00 -7.31967460e-07 1.26983641e-12)	3.99982971e+02
52700           	1.01325000e+05	(1.06097722e+00 -1.55107028e-06 1.23765473e-12)	3.99982971e+02
52800           	1.01325000e+05	(1.06097225e+00 -6.35106257e-07 1.24355687e-12)	3.99982971e+02
52900           	1.01325000e+05	(1.06097249e+00 4.17304561e-07 1.24683455e-12)	3.99982971e+02
53000           	1.01325000e+05	(1.06097634e+00 9.39728770e-07 1.24458393e-12)	3.99982971e+02
53100           	1.01325000e+05	(1.06098083e+00 4.69267688e-07 1.24126620e-12)	3.99982971e+02
53200           	1.01325000e+05	(1.06098078e+00 -5.81467574e-07 1.25331279e-12)	3.99982971e+02
53300           	1.01325000e+05	(1.06097674e+00 -5.57179552e-07 1.27318997e-12)	3.99982971e+02
53400           	1.01325000e+05	(1.06097673e+00 -1.86465256e-08 1.27082139e-12)	3.99982971e+02
53500           	1.01325000e+05	(1.06097738e+00 -1.58527038e-07 1.25197260e-12)	3.99982971e+02
53600           	1.01325000e+05	(1.06097651e+00 -1.02316923e-07 1.24342937e-12)	3.99982971e+02
53700           	1.01325000e+05	(1.06097630e+00 1.39845037e-07 1.24679201e-12)	3.99982971e+02
53800           	1.01325000e+05	(1.06097732e+00 3.88410444e-07 1.23248159e-12)	3.99982971e+02
53900           	1.01325000e+05	(1.06097953e+00 1.83948193e-07 1.23687725e-12)	3.99982971e+02
54000           	1.01325000e+05	(1.06097905e+00 -4.77742219e-07 1.25098940e-12)	3.99982971e+02
54100           	1.01325000e+05	(1.06097564e+00 -4.12014358e-07 1.23996445e-12)	3.99982971e+02
54200           	1.01325000e+05	(1.06097482e+00 2.35822979e-07 1.26686349e-12)	3.99982971e+02
54300           	1.01325000e+05	(1.06097674e+00 5.85956802e-07 1.25246171e-12)	3.99982971e+02
54400           	1.01325000e+05	(1.06097933e+00 3.28080893e-07 1.24266076e-12)	3.99982971e+02
54500           	1.01325000e+05	(1.06097909e+00 -3.42043089e-07 1.23248960e-12)	3.99982971e+02
54600           	1.01325000e+05	(1.06097632e+00 -3.59714881e-07 1.24264133e-12)	3.99982971e+02
54700           	1.01325000e+05	(1.06097528e+00 5.28643480e-08 1.24541238e-12)	3.99982971e+02
54800           	1.01325000e+05	(1.06097611e+00 4.20991268e-07 1.22673384e-12)	3.99982971e+02
54900           	1.01325000e+05	(1.06097852e+00 3.08659845e-07 1.25746053e-12)	3.99982971e+02
55000           	1.01325000e+05	(1.06097859e+00 -2.42707293e-07 1.27445900e-12)	3.99982971e+02
55100           	1.01325000e+05	(1.06097677e+00 -2.28434024e-07 1.24921740e-12)	3.99982971e+02
55200           	1.01325000e+05	(1.06097631e+00 -4.26752986e-08 1.25889359e-12)	3.99982971e+02
55300           	1.01325000e+05	(1.06097646e+00 1.84847684e-07 1.22802584e-12)	3.99982971e+02
55400           	1.01325000e+05	(1.06097808e+00 1.96303115e-07 1.25938379e-12)	3.99982971e+02
55500           	1.01325000e+05	(1.06097849e+00 -1.64406809e-07 1.23279135e-12)	3.99982971e+02
55600           	1.01325000e+05	(1.06097728e+00 -3.08486402e-07 1.25854805e-12)	3.99982971e+02
55700           	1.01325000e+05	(1.06097593e+00 -1.54480038e-07 1.24677189e-12)	3.99982971e+02
55800           	1.01325000e+05	(1.06097591e+00 2.61600094e-07 1.25569046e-12)	3.99982971e+02
55900           	1.01325000e+05	(1.06097790e+00 3.37270274e-07 1.25713420e-12)	3.99982971e+02
56000           	1.01325000e+05	(1.06097882e+00 -1.83229344e-08 1.22714965e-12)	3.99982971e+02
56100           	1.01325000e+05	(1.06097793e+00 -2.94805228e-07 1.24694814e-12)	3.99982971e+02
56200           	1.01325000e+05	(1.06097600e+00 -2.21922493e-07 1.26021371e-12)	3.99982971e+02
56300           	1.01325000e+05	(1.06097535e+00 2.48917230e-07 1.23704043e-12)	3.99982971e+02
56400           	1.01325000e+05	(1.06097697e+00 5.02558254e-07 1.23106989e-12)	3.99982971e+02
56500           	1.01325000e+05	(1.06097884e+00 3.34116392e-07 1.24702153e-12)	3.99982971e+02
56600           	1.01325000e+05	(1.06097966e+00 -1.56328120e-07 1.24421065e-12)	3.99982971e+02
56700           	1.01325000e+05	(1.06097757e+00 -6.13131891e-07 1.24358073e-12)	3.99982971e+02
56800           	1.01325000e+05	(1.06097456e+00 -2.62489213e-07 1.24088736e-12)	3.99982971e+02
56900           	1.01325000e+05	(1.06097469e+00 3.90842158e-07 1.25160124e-12)	3.99982971e+02
57000           	1.01325000e+05	(1.06097750e+00 6.03199604e-07 1.24392073e-12)	3.99982971e+02
57100           	1.01325000e+05	(1.06098007e+00 -1.22209832e-08 1.24166244e-12)	3.99982971e+02
57200           	1.01325000e+05	(1.06097806e+00 -7.40210713e-07 1.23799979e-12)	3.99982971e+02
57300           	1.01325000e+05	(1.06097448e+00 -4.12056935e-07 1.24638683e-12)	3.99982971e+02
57400           	1.01325000e+05	(1.06097420e+00 2.55628231e-07 1.25792246e-12)	3.99982971e+02
57500           	1.01325000e+05	(1.06097670e+00 6.49030744e-07 1.25023555e-12)	3.99982971e+02
57600           	1.01325000e+05	(1.06098004e+00 2.46693415e-07 1.23611369e-12)	3.99982971e+02
57700           	1.01325000e+05	(1.06097980e+00 -5.03949579e-07 1.25881489e-12)	3.99982971e+02
57800           	1.01325000e+05	(1.06097712e+00 -6.58797503e-07 1.23460371e-12)	3.99982971e+02
57900           	1.01325000e+05	(1.06097462e+00 -2.51212978e-07 1.22948723e-12)	3.99982971e+02
58000           	1.01325000e+05	(1.06097531e+00 5.75249072e-07 1.24653714e-12)	3.99982971e+02
58100           	1.01325000e+05	(1.06097943e+00 5.47667894e-07 1.24813390e-12)	3.99982971e+02
58200           	1.01325000e+05	(1.06098086e+00 -2.31413383e-07 1.22956452e-12)	3.99982971e+02
58300           	1.01325000e+05	(1.06097841e+00 -8.27026343e-07 1.26217264e-12)	3.99982971e+02
58400           	1.01325000e+05	(1.06097360e+00 -4.54378758e-07 1.23276359e-12)	3.99982971e+02
58500           	1.01325000e+05	(1.06097338e+00 9.02393470e-07 1.24460414e-12)	3.99982971e+02
58600           	1.01325000e+05	(1.06097961e+00 1.14377652e-06 1.24591017e-12)	3.99982971e+02
58700           	1.01325000e+05	(1.06098314e+00 9.45488904e-09 1.24212012e-12)	3.99982971e+02
58800           	1.01325000e+05	(1.06098029e+00 -1.09047934e-06 1.27374704e-12)	3.99982971e+02
58900           	1.01325000e+05	(1.06097347e+00 -8.67690928e-07 1.24632132e-12)	3.99982971e+02
59000           	1.01325000e+05	(1.06097186e+00 6.27671626e-07 1.27110175e-12)	3.99982971e+02
59100           	1.01325000e+05	(1.06097697e+00 1.18722816e-06 1.25202165e-12)	3.99982971e+02
59200           	1.01325000e+05	(1.06098125e+00 5.65568715e-07 1.23739757e-12)	3.99982971e+02
59300           	1.01325000e+05	(1.06098140e+00 -5.69855580e-07 1.24172830e-12)	3.99982971e+02
59400           	1.01325000e+05	(1.06097643e+00 -9.64369881e-07 1.28115456e-12)	3.99982971e+02
59500           	1.01325000e+05	(1.06097275e+00 -1.84537001e-07 1.24630642e-12)	3.99982971e+02
59600           	1.01325000e+05	(1.06097347e+00 8.23135731e-07 1.22531891e-12)	3.99982971e+02
59700           	1.01325000e+05	(1.06097885e+00 1.14880812e-06 1.24687870e-12)	3.99982971e+02
59800           	1.01325000e+05	(1.06098275e+00 -3.20078914e-08 1.25046951e-12)	3.99982971e+02
59900           	1.01325000e+05	(1.06097956e+00 -9.18257901e-07 1.23786480e-12)	3.99982971e+02
60000           	1.01325000e+05	(1.06097536e+00 -7.79274808e-07 1.25390739e-12)	3.99982971e+02
60100           	1.01325000e+05	(1.06097272e+00 2.13576719e-09 1.27816604e-12)	3.99982971e+02
60200           	1.01325000e+05	(1.06097479e+00 9.96829032e-07 1.23655600e-12)	3.99982971e+02
60300           	1.01325000e+05	(1.06098051e+00 8.43892251e-07 1.27199761e-12)	3.99982971e+02
60400           	1.01325000e+05	(1.06098290e+00 -4.44762601e-07 1.23180365e-12)	3.99982971e+02
60500           	1.01325000e+05	(1.06097770e+00 -1.51646617e-06 1.24129176e-12)	3.99982971e+02
60600           	1.01325000e+05	(1.06097019e+00 -4.14833686e-07 1.23932408e-12)	3.99982971e+02
60700           	1.01325000e+05	(1.06097261e+00 1.31067607e-06 1.24182193e-12)	3.99982971e+02
60800           	1.01325000e+05	(1.06098049e+00 9.61706264e-07 1.25910866e-12)	3.99982971e+02
60900           	1.01325000e+05	(1.06098190e+00 -5.27526924e-07 1.24983236e-12)	3.99982971e+02
61000           	1.01325000e+05	(1.06097579e+00 -1.01937050e-06 1.26433999e-12)	3.99982971e+02
61100           	1.01325000e+05	(1.06097311e+00 2.25151393e-07 1.25543803e-12)	3.99982971e+02
61200           	1.01325000e+05	(1.06097731e+00 5.41348036e-07 1.24142430e-12)	3.99982971e+02
61300           	1.01325000e+05	(1.06097937e+00 -8.08294185e-08 1.24655594e-12)	3.99982971e+02
61400           	1.01325000e+05	(1.06097729e+00 -7.10002160e-07 1.24806989e-12)	3.99982971e+02
61500           	1.01325000e+05	(1.06097340e+00 -7.02334129e-08 1.24639962e-12)	3.99982971e+02
61600           	1.01325000e+05	(1.06097630e+00 7.55282588e-07 1.25621912e-12)	3.99982971e+02
61700           	1.01325000e+05	(1.06097941e+00 1.34399589e-07 1.22990357e-12)	3.99982971e+02
61800           	1.01325000e+05	(1.06097857e+00 -3.60933363e-07 1.24840226e-12)	3.99982971e+02
61900           	1.01325000e+05	(1.06097593e+00 -4.43867775e-07 1.23618083e-12)	3.99982971e+02
62000           	1.01325000e+05	(1.06097489e+00 3.48782389e-07 1.26069952e-12)	3.99982971e+02
62100           	1.01325000e+05	(1.06097863e+00 3.76195420e-07 1.24502889e-12)	3.99982971e+02
62200           	1.01325000e+05	(1.06097851e+00 -3.38779274e-07 1.24114034e-12)	3.99982971e+02
62300           	1.01325000e+05	(1.06097622e+00 -2.03243531e-07 1.25373172e-12)	3.99982971e+02
62400           	1.01325000e+05	(1.06097591e+00 1.55727673e-07 1.24742893e-12)	3.99982971e+02
62500           	1.01325000e+05	(1.06097739e+00 4.09231624e-07 1.24826601e-12)	3.99982971e+02
62600           	1.01325000e+05	(1.06097914e+00 3.01773892e-08 1.24317741e-12)	3.99982971e+02
62700           	1.01325000e+05	(1.06097781e+00 -3.52517658e-07 1.24590772e-12)	3.99982971e+02
62800           	1.01325000e+05	(1.06097599e+00 -1.59469541e-07 1.22860352e-12)	3.99982971e+02
62900           	1.01325000e+05	(1.06097571e+00 1.83134535e-07 1.27991588e-12)	3.99982971e+02
63000           	1.01325000e+05	(1.06097701e+00 3.88873880e-07 1.26247633e-12)	3.99982971e+02
63100           	1.01325000e+05	(1.06097865e+00 1.36844512e-07 1.26664880e-12)	3.99982971e+02
63200           	1.01325000e+05	(1.06097833e+00 -2.47022863e-07 1.25883186e-12)	3.99982971e+02
63300           	1.01325000e+05	(1.06097678e+00 -3.29914690e-07 1.22988769e-12)	3.99982971e+02
63400           	1.01325000e+05	(1.06097566e+00 -6.06119801e-08 1.26830133e-12)	3.99982971e+02
63500           	1.01325000e+05	(1.06097648e+00 2.27769384e-07 1.24392442e-12)	3.99982971e+02
63600           	1.01325000e+05	(1.06097791e+00 2.00339960e-08 1.24158904e-12)	3.99982971e+02
63700           	1.01325000e+05	(1.06097712e+00 -2.30041378e-07 1.24665966e-12)	3.99982971e+02
63800           	1.01325000e+05	(1.06097602e+00 -2.58971278e-08 1.25252020e-12)	3.99982971e+02
63900           	1.01325000e+05	(1.06097663e+00 2.22410075e-07 1.26279330e-12)	3.99982971e+02
64000           	1.01325000e+05	(1.06097800e+00 1.78763509e-07 1.25248922e-12)	3.99982971e+02
64100           	1.01325000e+05	(1.06097830e+00 -1.83680180e-07 1.24964142e-12)	3.99982971e+02
64200           	1.01325000e+05	(1.06097665e+00 -2.54858336e-07 1.27870946e-12)	3.99982971e+02
64300           	1.01325000e+05	(1.06097592e+00 8.38909249e-08 1.24593481e-12)	3.99982971e+02
64400           	1.01325000e+05	(1.06097694e+00 3.03330344e-07 1.25572736e-12)	3.99982971e+02
64500           	1.01325000e+05	(1.06097852e+00 2.11117002e-07 1.22663125e-12)	3.99982971e+02
64600           	1.01325000e+05	(1.06097897e+00 -2.45909944e-07 1.25547675e-12)	3.99982971e+02
64700           	1.01325000e+05	(1.06097692e+00 -4.28708031e-07 1.22393116e-12)	3.99982971e+02
64800           	1.01325000e+05	(1.06097539e+00 -7.86945876e-08 1.24201732e-12)	3.99982971e+02
64900           	1.01325000e+05	(1.06097589e+00 3.07459669e-07 1.24377540e-12)	3.99982971e+02
65000           	1.01325000e+05	(1.06097788e+00 4.03952411e-07 1.22763718e-12)	3.99982971e+02
65100           	1.01325000e+05	(1.06097944e+00 -7.52580865e-08 1.24306302e-12)	3.99982971e+02
65200           	1.01325000e+05	(1.06097779e+00 -5.26473323e-07 1.25297857e-12)	3.99982971e+02
65300           	1.01325000e+05	(1.06097535e+00 -3.01267438e-07 1.24826390e-12)	3.99982971e+02
65400           	1.01325000e+05	(1.06097493e+00 2.70310719e-07 1.25034402e-12)	3.99982971e+02
65500           	1.01325000e+05	(1.06097753e+00 5.70040297e-07 1.23355854e-12)	3.99982971e+02
65600           	1.01325000e+05	(1.06098009e+00 3.08406777e-08 1.24106192e-12)	3.99982971e+02
65700           	1.01325000e+05	(1.06097848e+00 -5.81409793e-07 1.24401702e-12)	3.99982971e+02
65800           	1.01325000e+05	(1.06097543e+00 -3.56173791e-07 1.25105559e-12)	3.99982971e+02
65900           	1.01325000e+05	(1.06097511e+00 3.21606542e-07 1.24549308e-12)	3.99982971e+02
66000           	1.01325000e+05	(1.06097820e+00 5.75402472e-07 1.25878181e-12)	3.99982971e+02
66100           	1.01325000e+05	(1.06098061e+00 -8.37566155e-08 1.25552465e-12)	3.99982971e+02
66200           	1.01325000e+05	(1.06097846e+00 -7.33626735e-07 1.25765879e-12)	3.99982971e+02
66300           	1.01325000e+05	(1.06097472e+00 -4.09819643e-07 1.27405355e-12)	3.99982971e+02
66400           	1.01325000e+05	(1.06097449e+00 4.80416754e-07 1.24067268e-12)	3.99982971e+02
66500           	1.01325000e+05	(1.06097855e+00 7.36168911e-07 1.25477602e-12)	3.99982971e+02
66600           	1.01325000e+05	(1.06098120e+00 -1.18662308e-07 1.24265128e-12)	3.99982971e+02
66700           	1.01325000e+05	(1.06097822e+00 -8.59305144e-07 1.24469557e-12)	3.99982971e+02
66800           	1.01325000e+05	(1.06097391e+00 -3.30603523e-07 1.24662478e-12)	3.99982971e+02
66900           	1.01325000e+05	(1.06097446e+00 6.63200218e-07 1.24904974e-12)	3.99982971e+02
67000           	1.01325000e+05	(1.06097906e+00 7.63221402e-07 1.27405016e-12)	3.99982971e+02
67100           	1.01325000e+05	(1.06098121e+00 -2.35839772e-07 1.23845715e-12)	3.99982971e+02
67200           	1.01325000e+05	(1.06097726e+00 -9.08294565e-07 1.25142638e-12)	3.99982971e+02
67300           	1.01325000e+05	(1.06097302e+00 -1.51781596e-07 1.26224406e-12)	3.99982971e+02
67400           	1.01325000e+05	(1.06097443e+00 8.66928811e-07 1.25422779e-12)	3.99982971e+02
67500           	1.01325000e+05	(1.06097963e+00 8.93198143e-07 1.24571022e-12)	3.99982971e+02
67600           	1.01325000e+05	(1.06098270e+00 -2.95890829e-07 1.22835511e-12)	3.99982971e+02
67700           	1.01325000e+05	(1.06097817e+00 -1.32263830e-06 1.25320351e-12)	3.99982971e+02
67800           	1.01325000e+05	(1.06097175e+00 -5.41538898e-07 1.24096768e-12)	3.99982971e+02
67900           	1.01325000e+05	(1.06097253e+00 8.60817330e-07 1.22474515e-12)	3.99982971e+02
68000           	1.01325000e+05	(1.06097862e+00 1.14287102e-06 1.23003689e-12)	3.99982971e+02
68100           	1.01325000e+05	(1.06098329e+00 -7.81798254e-08 1.26196830e-12)	3.99982971e+02
68200           	1.01325000e+05	(1.06097943e+00 -1.49360711e-06 1.24991472e-12)	3.99982971e+02
68300           	1.01325000e+05	(1.06097112e+00 -9.08321148e-07 1.24888431e-12)	3.99982971e+02
68400           	1.01325000e+05	(1.06097024e+00 9.92175894e-07 1.24020917e-12)	3.99982971e+02
68500           	1.01325000e+05	(1.06097853e+00 1.78598214e-06 1.25398324e-12)	3.99982971e+02
68600           	1.01325000e+05	(1.06098588e+00 2.30883986e-08 1.25824864e-12)	3.99982971e+02
68700           	1.01325000e+05	(1.06097955e+00 -1.77446864e-06 1.25263711e-12)	3.99982971e+02
68800           	1.01325000e+05	(1.06097127e+00 -4.14243272e-07 1.24161119e-12)	3.99982971e+02
68900           	1.01325000e+05	(1.06097495e+00 1.01603564e-06 1.22232968e-12)	3.99982971e+02
69000           	1.01325000e+05	(1.06098079e+00 4.15875514e-07 1.24495743e-12)	3.99982971e+02
69100           	1.01325000e+05	(1.06097967e+00 -8.10854662e-07 1.25681359e-12)	3.99982971e+02
69200           	1.01325000e+05	(1.06097352e+00 -5.14085435e-07 1.25271512e-12)	3.99982971e+02
69300           	1.01325000e+05	(1.06097376e+00 8.60543116e-07 1.24737235e-12)	3.99982971e+02
69400           	1.01325000e+05	(1.06097965e+00 8.77625510e-07 1.25639450e-12)	3.99982971e+02
69500           	1.01325000e+05	(1.06098167e+00 -2.54575489e-07 1.23819918e-12)	3.99982971e+02
69600           	1.01325000e+05	(1.06097791e+00 -9.29632180e-07 1.23227966e-12)	3.99982971e+02
69700           	1.01325000e+05	(1.06097341e+00 -3.89442733e-07 1.24150119e-12)	3.99982971e+02
69800           	1.01325000e+05	(1.06097328e+00 7.07838439e-07 1.22995727e-12)	3.99982971e+02
69900           	1.01325000e+05	(1.06097849e+00 1.11657684e-06 1.24341686e-12)	3.99982971e+02
70000           	1.01325000e+05	(1.06098255e+00 3.36520709e-08 1.26819913e-12)	3.99982971e+02
70100           	1.01325000e+05	(1.06097905e+00 -8.83400358e-07 1.24474713e-12)	3.99982971e+02
70200           	1.01325000e+05	(1.06097496e+00 -4.34844409e-07 1.24512908e-12)	3.99982971e+02
70300           	1.01325000e+05	(1.06097444e+00 2.19150015e-07 1.24587418e-12)	3.99982971e+02
70400           	1.01325000e+05	(1.06097643e+00 6.22901421e-07 1.26207317e-12)	3.99982971e+02
70500           	1.01325000e+05	(1.06097891e+00 2.78624980e-07 1.27660933e-12)	3.99982971e+02
70600           	1.01325000e+05	(1.06097849e+00 -1.67999769e-07 1.26387312e-12)	3.99982971e+02
70700           	1.01325000e+05	(1.06097715e+00 -2.72643073e-07 1.23864603e-12)	3.99982971e+02
70800           	1.01325000e+05	(1.06097596e+00 -1.71341094e-07 1.23659568e-12)	3.99982971e+02
70900           	1.01325000e+05	(1.06097538e+00 1.24092797e-07 1.25711305e-12)	3.99982971e+02
71000           	1.01325000e+05	(1.06097642e+00 4.45039715e-07 1.25082889e-12)	3.99982971e+02
71100           	1.01325000e+05	(1.06097843e+00 3.22269629e-07 1.24010991e-12)	3.99982971e+02
71200           	1.01325000e+05	(1.06097895e+00 -8.16574992e-09 1.24220051e-12)	3.99982971e+02
71300           	1.01325000e+05	(1.06097830e+00 -3.38438728e-07 1.26046246e-12)	3.99982971e+02
71400           	1.01325000e+05	(1.06097575e+00 -2.84326401e-07 1.24444086e-12)	3.99982971e+02
71500           	1.01325000e+05	(1.06097557e+00 3.76591822e-07 1.26073007e-12)	3.99982971e+02
71600           	1.01325000e+05	(1.06097821e+00 3.42954194e-07 1.24836527e-12)	3.99982971e+02
71700           	1.01325000e+05	(1.06097871e+00 -7.12678188e-08 1.24904071e-12)	3.99982971e+02
71800           	1.01325000e+05	(1.06097753e+00 -3.32443836e-07 1.25567598e-12)	3.99982971e+02
71900           	1.01325000e+05	(1.06097558e+00 -1.40974185e-07 1.24778965e-12)	3.99982971e+02
72000           	1.01325000e+05	(1.06097589e+00 2.17499917e-07 1.23080803e-12)	3.99982971e+02
72100           	1.01325000e+05	(1.06097672e+00 1.75331228e-07 1.24956295e-12)	3.99982971e+02
72200           	1.01325000e+05	(1.06097721e+00 2.61955102e-07 1.25824082e-12)	3.99982971e+02
72300           	1.01325000e+05	(1.06097857e+00 2.46875642e-08 1.23999376e-12)	3.99982971e+02
72400           	1.01325000e+05	(1.06097783e+00 -3.64348143e-07 1.25430111e-12)	3.99982971e+02
72500           	1.01325000e+05	(1.06097605e+00 -2.85316958e-07 1.22675884e-12)	3.99982971e+02
72600           	1.01325000e+05	(1.06097553e+00 9.37315182e-08 1.24559649e-12)	3.99982971e+02
72700           	1.01325000e+05	(1.06097734e+00 3.42020827e-07 1.25339295e-12)	3.99982971e+02
72800           	1.01325000e+05	(1.06097939e+00 -9.26838615e-08 1.25025035e-12)	3.99982971e+02
72900           	1.01325000e+05	(1.06097797e+00 -6.09453731e-07 1.24712692e-12)	3.99982971e+02
73000           	1.01325000e+05	(1.06097525e+00 -4.18812454e-07 1.25612570e-12)	3.99982971e+02
73100           	1.01325000e+05	(1.06097480e+00 1.65470516e-07 1.24988781e-12)	3.99982971e+02
73200           	1.01325000e+05	(1.06097695e+00 5.02665599e-07 1.25321809e-12)	3.99982971e+02
73300           	1.01325000e+05	(1.06097944e+00 1.80230119e-07 1.23299596e-12)	3.99982971e+02
73400           	1.01325000e+05	(1.06097898e+00 -3.72289379e-07 1.24355103e-12)	3.99982971e+02
73500           	1.01325000e+05	(1.06097652e+00 -3.40916260e-07 1.24552413e-12)	3.99982971e+02
73600           	1.01325000e+05	(1.06097577e+00 1.69185942e-07 1.24737023e-12)	3.99982971e+02
73700           	1.01325000e+05	(1.06097740e+00 4.82017612e-07 1.25127265e-12)	3.99982971e+02
73800           	1.01325000e+05	(1.06097987e+00 3.09170153e-07 1.26704360e-12)	3.99982971e+02
73900           	1.01325000e+05	(1.06098064e+00 -3.41377578e-07 1.24249323e-12)	3.99982971e+02
74000           	1.01325000e+05	(1.06097766e+00 -7.45118830e-07 1.23689923e-12)	3.99982971e+02
74100           	1.01325000e+05	(1.06097433e+00 -1.67942791e-07 1.24550246e-12)	3.99982971e+02
74200           	1.01325000e+05	(1.06097561e+00 7.00655096e-07 1.25464625e-12)	3.99982971e+02
74300           	1.01325000e+05	(1.06098027e+00 5.72043718e-07 1.25083191e-12)	3.99982971e+02
74400           	1.01325000e+05	(1.06098113e+00 -5.63687548e-07 1.26080984e-12)	3.99982971e+02
74500           	1.01325000e+05	(1.06097601e+00 -9.06581531e-07 1.24436175e-12)	3.99982971e+02
74600           	1.01325000e+05	(1.06097318e+00 4.64503360e-08 1.24720537e-12)	3.99982971e+02
74700           	1.01325000e+05	(1.06097537e+00 6.42798003e-07 1.23445772e-12)	3.99982971e+02
74800           	1.01325000e+05	(1.06097860e+00 5.16134403e-07 1.24032832e-12)	3.99982971e+02
74900           	1.01325000e+05	(1.06097981e+00 -3.13026562e-07 1.24208359e-12)	3.99982971e+02
75000           	1.01325000e+05	(1.06097607e+00 -7.26510535e-07 1.25500975e-12)	3.99982971e+02
75100           	1.01325000e+05	(1.06097333e+00 4.20801727e-08 1.24551367e-12)	3.99982971e+02
75200           	1.01325000e+05	(1.06097516e+00 6.64309300e-07 1.25040126e-12)	3.99982971e+02
75300           	1.01325000e+05	(1.06097887e+00 6.47493052e-07 1.25182858e-12)	3.99982971e+02
75400           	1.01325000e+05	(1.06098075e+00 -1.27240374e-07 1.25001769e-12)	3.99982971e+02
75500           	1.01325000e+05	(1.06097841e+00 -6.06044892e-07 1.24075169e-12)	3.99982971e+02
75600           	1.01325000e+05	(1.06097632e+00 -4.62116733e-07 1.24613673e-12)	3.99982971e+02
75700           	1.01325000e+05	(1.06097481e+00 -1.38157190e-07 1.24332826e-12)	3.99982971e+02
75800           	1.01325000e+05	(1.06097515e+00 3.32821230e-07 1.23323550e-12)	3.99982971e+02
75900           	1.01325000e+05	(1.06097659e+00 5.01952212e-07 1.24279706e-12)	3.99982971e+02
76000           	1.01325000e+05	(1.06097849e+00 5.46407419e-07 1.25484305e-12)	3.99982971e+02
76100           	1.01325000e+05	(1.06098062e+00 -2.30712470e-08 1.23595713e-12)	3.99982971e+02
76200           	1.01325000e+05	(1.06097852e+00 -7.59252822e-07 1.26822367e-12)	3.99982971e+02
76300           	1.01325000e+05	(1.06097401e+00 -4.72719849e-07 1.24139873e-12)	3.99982971e+02
76400           	1.01325000e+05	(1.06097318e+00 7.20364706e-07 1.24417289e-12)	3.99982971e+02
76500           	1.01325000e+05	(1.06097903e+00 1.26962377e-06 1.24529517e-12)	3.99982971e+02
76600           	1.01325000e+05	(1.06098421e+00 -1.54693379e-08 1.23789174e-12)	3.99982971e+02
76700           	1.01325000e+05	(1.06098073e+00 -1.32147112e-06 1.25202190e-12)	3.99982971e+02
76800           	1.01325000e+05	(1.06097447e+00 -1.10159580e-06 1.25635430e-12)	3.99982971e+02
76900           	1.01325000e+05	(1.06097137e+00 1.10157347e-07 1.24160601e-12)	3.99982971e+02
77000           	1.01325000e+05	(1.06097515e+00 1.30609615e-06 1.23909553e-12)	3.99982971e+02
77100           	1.01325000e+05	(1.06098245e+00 7.41708643e-07 1.26372255e-12)	3.99982971e+02
77200           	1.01325000e+05	(1.06098293e+00 -8.61962367e-07 1.24313714e-12)	3.99982971e+02
77300           	1.01325000e+05	(1.06097608e+00 -1.43930538e-06 1.26143430e-12)	3.99982971e+02
77400           	1.01325000e+05	(1.06097043e+00 -5.49430644e-08 1.24942714e-12)	3.99982971e+02
77500           	1.01325000e+05	(1.06097421e+00 1.25902525e-06 1.24619024e-12)	3.99982971e+02
77600           	1.01325000e+05	(1.06097972e+00 9.75445145e-07 1.26040144e-12)	3.99982971e+02
77700           	1.01325000e+05	(1.06098244e+00 1.99380287e-07 1.23874716e-12)	3.99982971e+02
77800           	1.01325000e+05	(1.06098154e+00 -8.51571941e-07 1.24600614e-12)	3.99982971e+02
77900           	1.01325000e+05	(1.06097693e+00 -9.39422984e-07 1.25697065e-12)	3.99982971e+02
78000           	1.01325000e+05	(1.06097551e+00 -5.62816535e-07 1.25150082e-12)	3.99982971e+02
78100           	1.01325000e+05	(1.06097350e+00 -3.07505752e-07 1.24760930e-12)	3.99982971e+02
78200           	1.01325000e+05	(1.06097367e+00 6.32863902e-07 1.25843216e-12)	3.99982971e+02
78300           	1.01325000e+05	(1.06097831e+00 7.80786910e-07 1.23998932e-12)	3.99982971e+02
78400           	1.01325000e+05	(1.06098083e+00 -8.03386329e-08 1.25695926e-12)	3.99982971e+02
78500           	1.01325000e+05	(1.06097861e+00 -8.49702297e-07 1.24533630e-12)	3.99982971e+02
78600           	1.01325000e+05	(1.06097385e+00 -6.04336369e-07 1.26433808e-12)	3.99982971e+02
78700           	1.01325000e+05	(1.06097301e+00 5.55369716e-07 1.23166266e-12)	3.99982971e+02
78800           	1.01325000e+05	(1.06097793e+00 1.05204515e-06 1.22873414e-12)	3.99982971e+02
78900           	1.01325000e+05	(1.06098275e+00 1.93070762e-07 1.23790125e-12)	3.99982971e+02
79000           	1.01325000e+05	(1.06098158e+00 -1.14474550e-06 1.24004058e-12)	3.99982971e+02
79100           	1.01325000e+05	(1.06097530e+00 -1.35112723e-06 1.24811797e-12)	3.99982971e+02
79200           	1.01325000e+05	(1.06097133e+00 -1.81061873e-07 1.24751332e-12)	3.99982971e+02
79300           	1.01325000e+05	(1.06097440e+00 9.08372616e-07 1.24483367e-12)	3.99982971e+02
79400           	1.01325000e+05	(1.06097968e+00 4.93567603e-07 1.23783807e-12)	3.99982971e+02
79500           	1.01325000e+05	(1.06097883e+00 -2.66166581e-07 1.24815242e-12)	3.99982971e+02
79600           	1.01325000e+05	(1.06097691e+00 4.34778643e-08 1.23628451e-12)	3.99982971e+02
79700           	1.01325000e+05	(1.06097756e+00 1.92135264e-07 1.26235011e-12)	3.99982971e+02
79800           	1.01325000e+05	(1.06097803e+00 1.79453047e-07 1.25199428e-12)	3.99982971e+02
79900           	1.01325000e+05	(1.06097810e+00 -4.05551919e-08 1.24722952e-12)	3.99982971e+02
80000           	1.01325000e+05	(1.06097631e+00 7.82746797e-08 1.25359728e-12)	3.99982971e+02
80100           	1.01325000e+05	(1.06097732e+00 5.32634921e-07 1.25600192e-12)	3.99982971e+02
80200           	1.01325000e+05	(1.06097953e+00 2.03636951e-07 1.27770023e-12)	3.99982971e+02
80300           	1.01325000e+05	(1.06097912e+00 -2.95079276e-07 1.25420644e-12)	3.99982971e+02
80400           	1.01325000e+05	(1.06097668e+00 -6.38781179e-07 1.24999931e-12)	3.99982971e+02
80500           	1.01325000e+05	(1.06097336e+00 -9.39100976e-08 1.24987449e-12)	3.99982971e+02
80600           	1.01325000e+05	(1.06097517e+00 5.58649655e-07 1.25825117e-12)	3.99982971e+02
80700           	1.01325000e+05	(1.06097728e+00 1.55342839e-07 1.23688738e-12)	3.99982971e+02
80800           	1.01325000e+05	(1.06097681e+00 -8.39833024e-09 1.25412958e-12)	3.99982971e+02
80900           	1.01325000e+05	(1.06097666e+00 -3.40181349e-08 1.22857585e-12)	3.99982971e+02
81000           	1.01325000e+05	(1.06097695e+00 8.58156060e-08 1.25937683e-12)	3.99982971e+02
81100           	1.01325000e+05	(1.06097821e+00 -1.74751117e-07 1.25107682e-12)	3.99982971e+02
81200           	1.01325000e+05	(1.06097665e+00 -4.75714659e-07 1.24063967e-12)	3.99982971e+02
81300           	1.01325000e+05	(1.06097551e+00 -7.28782811e-09 1.24679034e-12)	3.99982971e+02
81400           	1.01325000e+05	(1.06097728e+00 1.48399319e-07 1.25598314e-12)	3.99982971e+02
81500           	1.01325000e+05	(1.06097831e+00 -1.14848155e-07 1.24923574e-12)	3.99982971e+02
81600           	1.01325000e+05	(1.06097748e+00 -4.40597468e-07 1.23867656e-12)	3.99982971e+02
81700           	1.01325000e+05	(1.06097494e+00 -2.04194505e-07 1.22027322e-12)	3.99982971e+02
81800           	1.01325000e+05	(1.06097572e+00 5.54227135e-07 1.25223926e-12)	3.99982971e+02
81900           	1.01325000e+05	(1.06097928e+00 4.20750642e-07 1.25019554e-12)	3.99982971e+02
82000           	1.01325000e+05	(1.06097990e+00 -2.87887740e-07 1.25330878e-12)	3.99982971e+02
82100           	1.01325000e+05	(1.06097690e+00 -6.23498931e-07 1.25659374e-12)	3.99982971e+02
82200           	1.01325000e+05	(1.06097388e+00 8.22678010e-08 1.26184036e-12)	3.99982971e+02
82300           	1.01325000e+05	(1.06097635e+00 8.51163052e-07 1.26274197e-12)	3.99982971e+02
82400           	1.01325000e+05	(1.06098045e+00 4.41567138e-07 1.25085274e-12)	3.99982971e+02
82500           	1.01325000e+05	(1.06098065e+00 -5.21321427e-07 1.26122664e-12)	3.99982971e+02
82600           	1.01325000e+05	(1.06097646e+00 -1.01596220e-06 1.25938477e-12)	3.99982971e+02
82700           	1.01325000e+05	(1.06097205e+00 -2.97610304e-07 1.25956229e-12)	3.99982971e+02
82800           	1.01325000e+05	(1.06097314e+00 6.84709465e-07 1.26916084e-12)	3.99982971e+02
82900           	1.01325000e+05	(1.06097714e+00 7.03830591e-07 1.24489759e-12)	3.99982971e+02
83000           	1.01325000e+05	(1.06097919e+00 6.02606718e-08 1.25201169e-12)	3.99982971e+02
83100           	1.01325000e+05	(1.06097805e+00 -3.65991943e-07 1.24331434e-12)	3.99982971e+02
83200           	1.01325000e+05	(1.06097692e+00 -2.08481260e-07 1.22930565e-12)	3.99982971e+02
83300           	1.01325000e+05	(1.06097743e+00 -2.38938616e-07 1.24706256e-12)	3.99982971e+02
83400           	1.01325000e+05	(1.06097642e+00 -2.36325482e-07 1.23884058e-12)	3.99982971e+02
83500           	1.01325000e+05	(1.06097678e+00 2.01945266e-07 1.25133377e-12)	3.99982971e+02
83600           	1.01325000e+05	(1.06097883e+00 1.07995448e-07 1.26187373e-12)	3.99982971e+02
83700           	1.01325000e+05	(1.06097932e+00 -1.84853026e-07 1.25483947e-12)	3.99982971e+02
83800           	1.01325000e+05	(1.06097860e+00 -5.16475535e-07 1.23884987e-12)	3.99982971e+02
83900           	1.01325000e+05	(1.06097586e+00 -3.78609420e-07 1.24390530e-12)	3.99982971e+02
84000           	1.01325000e+05	(1.06097598e+00 2.97796508e-07 1.23298744e-12)	3.99982971e+02
84100           	1.01325000e+05	(1.06097812e+00 2.77879906e-07 1.24194689e-12)	3.99982971e+02
84200           	1.01325000e+05	(1.06097907e+00 1.14879330e-07 1.24983698e-12)	3.99982971e+02
84300           	1.01325000e+05	(1.06097925e+00 -4.12358383e-07 1.24901948e-12)	3.99982971e+02
84400           	1.01325000e+05	(1.06097584e+00 -5.24410516e-07 1.21857922e-12)	3.99982971e+02
84500           	1.01325000e+05	(1.06097428e+00 1.71966972e-07 1.23730538e-12)	3.99982971e+02
84600           	1.01325000e+05	(1.06097561e+00 6.96172775e-07 1.25005521e-12)	3.99982971e+02
84700           	1.01325000e+05	(1.06097929e+00 8.47831344e-07 1.28368023e-12)	3.99982971e+02
84800           	1.01325000e+05	(1.06098241e+00 -1.63688109e-07 1.23812773e-12)	3.99982971e+02
84900           	1.01325000e+05	(1.06097924e+00 -9.76395004e-07 1.24108570e-12)	3.99982971e+02
85000           	1.01325000e+05	(1.06097466e+00 -8.36473889e-07 1.25298260e-12)	3.99982971e+02
85100           	1.01325000e+05	(1.06097137e+00 2.70283184e-07 1.23625461e-12)	3.99982971e+02
85200           	1.01325000e+05	(1.06097629e+00 1.47780616e-06 1.23667333e-12)	3.99982971e+02
85300           	1.01325000e+05	(1.06098283e+00 3.95541952e-07 1.23103725e-12)	3.99982971e+02
85400           	1.01325000e+05	(1.06098073e+00 -6.75748860e-07 1.22850640e-12)	3.99982971e+02
85500           	1.01325000e+05	(1.06097646e+00 -9.27158786e-07 1.22275064e-12)	3.99982971e+02
85600           	1.01325000e+05	(1.06097192e+00 1.79086485e-07 1.22713858e-12)	3.99982971e+02
85700           	1.01325000e+05	(1.06097738e+00 1.27149260e-06 1.25007103e-12)	3.99982971e+02
85800           	1.01325000e+05	(1.06098192e+00 -7.17447551e-08 1.24385404e-12)	3.99982971e+02
85900           	1.01325000e+05	(1.06097784e+00 -6.60601314e-07 1.25059869e-12)	3.99982971e+02
86000           	1.01325000e+05	(1.06097469e+00 -1.29569671e-07 1.25665826e-12)	3.99982971e+02
86100           	1.01325000e+05	(1.06097582e+00 7.38315594e-07 1.25944884e-12)	3.99982971e+02
86200           	1.01325000e+05	(1.06098072e+00 3.41300152e-07 1.25198526e-12)	3.99982971e+02
86300           	1.01325000e+05	(1.06097932e+00 -7.82021892e-07 1.25496653e-12)	3.99982971e+02
86400           	1.01325000e+05	(1.06097436e+00 -5.55477896e-07 1.24478772e-12)	3.99982971e+02
86500           	1.01325000e+05	(1.06097319e+00 5.13547401e-07 1.24998453e-12)	3.99982971e+02
86600           	1.01325000e+05	(1.06097808e+00 1.14038946e-06 1.24696406e-12)	3.99982971e+02
86700           	1.01325000e+05	(1.06098331e+00 -4.27051099e-08 1.26799009e-12)	3.99982971e+02
86800           	1.01325000e+05	(1.06097931e+00 -1.45185021e-06 1.24258501e-12)	3.99982971e+02
86900           	1.01325000e+05	(1.06097135e+00 -8.67734537e-07 1.26514920e-12)	3.99982971e+02
87000           	1.01325000e+05	(1.06097055e+00 9.08574564e-07 1.25048290e-12)	3.99982971e+02
87100           	1.01325000e+05	(1.06097808e+00 1.52270995e-06 1.25252219e-12)	3.99982971e+02
87200           	1.01325000e+05	(1.06098379e+00 1.32161566e-07 1.24447644e-12)	3.99982971e+02
87300           	1.01325000e+05	(1.06098013e+00 -1.20338647e-06 1.23611348e-12)	3.99982971e+02
87400           	1.01325000e+05	(1.06097449e+00 -7.46963520e-07 1.24787943e-12)	3.99982971e+02
87500           	1.01325000e+05	(1.06097425e+00 -5.90960680e-08 1.24662285e-12)	3.99982971e+02
87600           	1.01325000e+05	(1.06097470e+00 2.84433738e-07 1.25763858e-12)	3.99982971e+02
87700           	1.01325000e+05	(1.06097690e+00 6.53754533e-07 1.23652638e-12)	3.99982971e+02
87800           	1.01325000e+05	(1.06097980e+00 3.28355457e-07 1.24156978e-12)	3.99982971e+02
87900           	1.01325000e+05	(1.06098049e+00 -2.53638614e-07 1.22309239e-12)	3.99982971e+02
88000           	1.01325000e+05	(1.06097863e+00 -8.43824974e-07 1.23615587e-12)	3.99982971e+02
88100           	1.01325000e+05	(1.06097449e+00 -6.56716114e-07 1.23036427e-12)	3.99982971e+02
88200           	1.01325000e+05	(1.06097341e+00 2.68966177e-07 1.23485730e-12)	3.99982971e+02
88300           	1.01325000e+05	(1.06097639e+00 7.25184241e-07 1.24837188e-12)	3.99982971e+02
88400           	1.01325000e+05	(1.06097911e+00 3.83972057e-07 1.23865228e-12)	3.99982971e+02
88500           	1.01325000e+05	(1.06097946e+00 -3.22884954e-08 1.24195774e-12)	3.99982971e+02
88600           	1.01325000e+05	(1.06097850e+00 -3.57294478e-07 1.26066859e-12)	3.99982971e+02
88700           	1.01325000e+05	(1.06097641e+00 -2.45765515e-07 1.22875190e-12)	3.99982971e+02
88800           	1.01325000e+05	(1.06097654e+00 7.88100569e-08 1.25483821e-12)	3.99982971e+02
88900           	1.01325000e+05	(1.06097694e+00 7.58224284e-08 1.25412431e-12)	3.99982971e+02
89000           	1.01325000e+05	(1.06097742e+00 1.95188279e-07 1.25414255e-12)	3.99982971e+02
89100           	1.01325000e+05	(1.06097838e+00 1.58493409e-08 1.23460982e-12)	3.99982971e+02
89200           	1.01325000e+05	(1.06097789e+00 -2.06058496e-07 1.26358225e-12)	3.99982971e+02
89300           	1.01325000e+05	(1.06097679e+00 -2.45912004e-07 1.24823626e-12)	3.99982971e+02
89400           	1.01325000e+05	(1.06097550e+00 -3.37953051e-09 1.25540937e-12)	3.99982971e+02
89500           	1.01325000e+05	(1.06097623e+00 4.09720692e-07 1.26288663e-12)	3.99982971e+02
89600           	1.01325000e+05	(1.06097813e+00 3.64320601e-07 1.24082921e-12)	3.99982971e+02
89700           	1.01325000e+05	(1.06097901e+00 4.22622409e-08 1.23392744e-12)	3.99982971e+02
89800           	1.01325000e+05	(1.06097848e+00 -3.05028610e-07 1.25159059e-12)	3.99982971e+02
89900           	1.01325000e+05	(1.06097657e+00 -3.95255316e-07 1.22335516e-12)	3.99982971e+02
90000           	1.01325000e+05	(1.06097496e+00 -1.67410454e-08 1.24139505e-12)	3.99982971e+02
90100           	1.01325000e+05	(1.06097593e+00 5.09097177e-07 1.26093339e-12)	3.99982971e+02
90200           	1.01325000e+05	(1.06097902e+00 4.26901787e-07 1.24033243e-12)	3.99982971e+02
90300           	1.01325000e+05	(1.06098008e+00 -2.90279629e-07 1.25697953e-12)	3.99982971e+02
90400           	1.01325000e+05	(1.06097739e+00 -7.59785713e-07 1.24376221e-12)	3.99982971e+02
90500           	1.01325000e+05	(1.06097375e+00 -3.26656071e-07 1.23038216e-12)	3.99982971e+02
90600           	1.01325000e+05	(1.06097434e+00 6.64929429e-07 1.25049178e-12)	3.99982971e+02
90700           	1.01325000e+05	(1.06097892e+00 7.18490426e-07 1.26152659e-12)	3.99982971e+02
90800           	1.01325000e+05	(1.06098126e+00 -1.59979243e-07 1.23481265e-12)	3.99982971e+02
90900           	1.01325000e+05	(1.06097870e+00 -9.86809650e-07 1.23151291e-12)	3.99982971e+02
91000           	1.01325000e+05	(1.06097314e+00 -7.38760231e-07 1.24865216e-12)	3.99982971e+02
91100           	1.01325000e+05	(1.06097182e+00 5.52427524e-07 1.24616201e-12)	3.99982971e+02
91200           	1.01325000e+05	(1.06097635e+00 1.12354915e-06 1.25426405e-12)	3.99982971e+02
91300           	1.01325000e+05	(1.06098082e+00 6.01828969e-07 1.24644553e-12)	3.99982971e+02
91400           	1.01325000e+05	(1.06098142e+00 -4.75646663e-07 1.25392726e-12)	3.99982971e+02
91500           	1.01325000e+05	(1.06097744e+00 -8.14582417e-07 1.24019144e-12)	3.99982971e+02
91600           	1.01325000e+05	(1.06097519e+00 -3.11893047e-07 1.23755212e-12)	3.99982971e+02
91700           	1.01325000e+05	(1.06097523e+00 6.37878518e-08 1.23706835e-12)	3.99982971e+02
91800           	1.01325000e+05	(1.06097629e+00 3.29197851e-07 1.25406987e-12)	3.99982971e+02
91900           	1.01325000e+05	(1.06097778e+00 3.38985873e-07 1.23859568e-12)	3.99982971e+02
92000           	1.01325000e+05	(1.06097915e+00 1.99450478e-07 1.23944545e-12)	3.99982971e+02
92100           	1.01325000e+05	(1.06097946e+00 -3.55562388e-07 1.23239656e-12)	3.99982971e+02
92200           	1.01325000e+05	(1.06097640e+00 -5.37529396e-07 1.23991834e-12)	3.99982971e+02
92300           	1.01325000e+05	(1.06097475e+00 1.14109092e-07 1.22744978e-12)	3.99982971e+02
92400           	1.01325000e+05	(1.06097635e+00 5.38354370e-07 1.25142196e-12)	3.99982971e+02
92500           	1.01325000e+05	(1.06097888e+00 3.36050000e-07 1.24487005e-12)	3.99982971e+02
92600           	1.01325000e+05	(1.06097846e+00 -3.49372970e-07 1.25415034e-12)	3.99982971e+02
92700           	1.01325000e+05	(1.06097515e+00 -1.37247148e-07 1.24493940e-12)	3.99982971e+02
92800           	1.01325000e+05	(1.06097585e+00 5.38048926e-07 1.25079813e-12)	3.99982971e+02
92900           	1.01325000e+05	(1.06097873e+00 3.17713655e-07 1.24845772e-12)	3.99982971e+02
93000           	1.01325000e+05	(1.06097872e+00 -3.04295594e-07 1.24803821e-12)	3.99982971e+02
93100           	1.01325000e+05	(1.06097590e+00 -4.53151086e-07 1.24702447e-12)	3.99982971e+02
93200           	1.01325000e+05	(1.06097447e+00 2.64347196e-07 1.24963557e-12)	3.99982971e+02
93300           	1.01325000e+05	(1.06097788e+00 5.41486741e-07 1.23540216e-12)	3.99982971e+02
93400           	1.01325000e+05	(1.06097959e+00 -2.30092090e-07 1.24954735e-12)	3.99982971e+02
93500           	1.01325000e+05	(1.06097710e+00 -5.93706367e-07 1.25064817e-12)	3.99982971e+02
93600           	1.01325000e+05	(1.06097475e+00 -1.81123392e-07 1.22681319e-12)	3.99982971e+02
93700           	1.01325000e+05	(1.06097585e+00 5.49928200e-07 1.24894197e-12)	3.99982971e+02
93800           	1.01325000e+05	(1.06098017e+00 3.83249277e-07 1.23785243e-12)	3.99982971e+02
93900           	1.01325000e+05	(1.06098071e+00 -6.53243385e-07 1.27017249e-12)	3.99982971e+02
94000           	1.01325000e+05	(1.06097670e+00 -9.45825086e-07 1.24192558e-12)	3.99982971e+02
94100           	1.01325000e+05	(1.06097319e+00 -1.93747801e-07 1.24377279e-12)	3.99982971e+02
94200           	1.01325000e+05	(1.06097533e+00 9.40889211e-07 1.23586965e-12)	3.99982971e+02
94300           	1.01325000e+05	(1.06098193e+00 5.18534410e-07 1.23496940e-12)	3.99982971e+02
94400           	1.01325000e+05	(1.06098161e+00 -1.01160512e-06 1.24026062e-12)	3.99982971e+02
94500           	1.01325000e+05	(1.06097532e+00 -1.00255527e-06 1.23835231e-12)	3.99982971e+02
94600           	1.01325000e+05	(1.06097238e+00 1.53587889e-07 1.22823517e-12)	3.99982971e+02
94700           	1.01325000e+05	(1.06097638e+00 1.25142898e-06 1.25417126e-12)	3.99982971e+02
94800           	1.01325000e+05	(1.06098344e+00 3.53896797e-07 1.24720530e-12)	3.99982971e+02
94900           	1.01325000e+05	(1.06098052e+00 -1.28694160e-06 1.24261803e-12)	3.99982971e+02
95000           	1.01325000e+05	(1.06097296e+00 -5.84210023e-07 1.26701027e-12)	3.99982971e+02
95100           	1.01325000e+05	(1.06097361e+00 8.94917304e-07 1.24487717e-12)	3.99982971e+02
95200           	1.01325000e+05	(1.06098037e+00 1.17355269e-06 1.25255213e-12)	3.99982971e+02
95300           	1.01325000e+05	(1.06098480e+00 -4.48221992e-07 1.24076953e-12)	3.99982971e+02
95400           	1.01325000e+05	(1.06097847e+00 -1.64103921e-06 1.24249359e-12)	3.99982971e+02
95500           	1.01325000e+05	(1.06097122e+00 -4.75012342e-07 1.26380059e-12)	3.99982971e+02
95600           	1.01325000e+05	(1.06097331e+00 1.13513506e-06 1.25590952e-12)	3.99982971e+02
95700           	1.01325000e+05	(1.06098093e+00 9.80475601e-07 1.26524435e-12)	3.99982971e+02
95800           	1.01325000e+05	(1.06098187e+00 -6.26244827e-07 1.25731002e-12)	3.99982971e+02
95900           	1.01325000e+05	(1.06097497e+00 -7.34383104e-07 1.25168141e-12)	3.99982971e+02
96000           	1.01325000e+05	(1.06097287e+00 8.06331215e-07 1.24360672e-12)	3.99982971e+02
96100           	1.01325000e+05	(1.06098005e+00 1.40309858e-06 1.24289528e-12)	3.99982971e+02
96200           	1.01325000e+05	(1.06098438e+00 -3.30556411e-07 1.23548961e-12)	3.99982971e+02
96300           	1.01325000e+05	(1.06097806e+00 -8.91907118e-07 1.23838976e-12)	3.99982971e+02
96400           	1.01325000e+05	(1.06097643e+00 -5.49810336e-08 1.27617915e-12)	3.99982971e+02
96500           	1.01325000e+05	(1.06097766e+00 -1.17095418e-07 1.24658481e-12)	3.99982971e+02
96600           	1.01325000e+05	(1.06097740e+00 -2.73632958e-07 1.23559525e-12)	3.99982971e+02
96700           	1.01325000e+05	(1.06097610e+00 -2.84559793e-07 1.25831864e-12)	3.99982971e+02
96800           	1.01325000e+05	(1.06097557e+00 1.96774471e-07 1.26893905e-12)	3.99982971e+02
96900           	1.01325000e+05	(1.06097815e+00 3.48169536e-07 1.27107232e-12)	3.99982971e+02
97000           	1.01325000e+05	(1.06097949e+00 -1.35274596e-07 1.25787621e-12)	3.99982971e+02
97100           	1.01325000e+05	(1.06097808e+00 -5.11125623e-07 1.23981382e-12)	3.99982971e+02
97200           	1.01325000e+05	(1.06097558e+00 -3.22416448e-07 1.22847606e-12)	3.99982971e+02
97300           	1.01325000e+05	(1.06097509e+00 3.96025898e-07 1.25767589e-12)	3.99982971e+02
97400           	1.01325000e+05	(1.06097828e+00 7.00634338e-07 1.26010627e-12)	3.99982971e+02
97500           	1.01325000e+05	(1.06098098e+00 7.43794199e-08 1.23770790e-12)	3.99982971e+02
97600           	1.01325000e+05	(1.06097928e+00 -6.62459171e-07 1.26690124e-12)	3.99982971e+02
97700           	1.01325000e+05	(1.06097503e+00 -6.01213279e-07 1.23951804e-12)	3.99982971e+02
97800           	1.01325000e+05	(1.06097292e+00 3.34910777e-07 1.25816464e-12)	3.99982971e+02
97900           	1.01325000e+05	(1.06097587e+00 9.08978980e-07 1.24104391e-12)	3.99982971e+02
98000           	1.01325000e+05	(1.06097813e+00 4.51414739e-07 1.23995657e-12)	3.99982971e+02
98100           	1.01325000e+05	(1.06097771e+00 2.75129674e-07 1.23232118e-12)	3.99982971e+02
98200           	1.01325000e+05	(1.06097814e+00 1.15536337e-08 1.22755331e-12)	3.99982971e+02
98300           	1.01325000e+05	(1.06097637e+00 -1.46176322e-07 1.22893382e-12)	3.99982971e+02
98400           	1.01325000e+05	(1.06097626e+00 1.78815157e-07 1.24638640e-12)	3.99982971e+02
98500           	1.01325000e+05	(1.06097691e+00 8.68014041e-08 1.24479513e-12)	3.99982971e+02
98600           	1.01325000e+05	(1.06097769e+00 2.50797534e-07 1.25091576e-12)	3.99982971e+02
98700           	1.01325000e+05	(1.06097958e+00 -3.53270136e-07 1.24610060e-12)	3.99982971e+02
98800           	1.01325000e+05	(1.06097620e+00 -7.42763610e-07 1.24294609e-12)	3.99982971e+02
98900           	1.01325000e+05	(1.06097487e+00 -3.66565813e-08 1.25334689e-12)	3.99982971e+02
99000           	1.01325000e+05	(1.06097610e+00 2.78767049e-08 1.24828973e-12)	3.99982971e+02
99100           	1.01325000e+05	(1.06097644e+00 2.67959678e-07 1.24881425e-12)	3.99982971e+02
99200           	1.01325000e+05	(1.06097808e+00 1.19035297e-07 1.23159708e-12)	3.99982971e+02
99300           	1.01325000e+05	(1.06097743e+00 9.92699590e-08 1.25658278e-12)	3.99982971e+02
99400           	1.01325000e+05	(1.06097893e+00 1.14739317e-07 1.25704147e-12)	3.99982971e+02
99500           	1.01325000e+05	(1.06097827e+00 -4.64263052e-07 1.24480573e-12)	3.99982971e+02
99600           	1.01325000e+05	(1.06097588e+00 -1.40032936e-07 1.26606031e-12)	3.99982971e+02
99700           	1.01325000e+05	(1.06097611e+00 9.47544691e-08 1.25054100e-12)	3.99982971e+02
99800           	1.01325000e+05	(1.06097666e+00 4.38169931e-07 1.22655897e-12)	3.99982971e+02
99900           	1.01325000e+05	(1.06097976e+00 1.95690135e-07 1.25332596e-12)	3.99982971e+02
100000          	1.01325000e+05	(1.06097843e+00 -6.21136509e-07 1.22336585e-12)	3.99982971e+02
